
     Program PWSCF v.7.5 starts on 20Feb2026 at  9: 8:35 
        Git branch: HEAD
        Last git commit: 770a0b2d12928a67048e2f3da8d10d057e52179e
        Last git commit date: Tue Aug 19 09:57:12 2025 +0000
        Last git commit subject: Merge branch 'QE-7.5-RC' into 'master'

     This program is part of the open-source Quantum ESPRESSO suite
     for quantum simulation of materials; please cite
         "P. Giannozzi et al., J. Phys.:Condens. Matter 21 395502 (2009);
         "P. Giannozzi et al., J. Phys.:Condens. Matter 29 465901 (2017);
         "P. Giannozzi et al., J. Chem. Phys. 152 154105 (2020);
          URL http://www.quantum-espresso.org", 
     in publications or presentations arising from this work. More details at
     http://www.quantum-espresso.org/quote

     Parallel version (MPI), running on   256 processors

     MPI processes distributed on     8 nodes
     239978 MiB available memory on the printing compute node when the environment starts

     Waiting for input...
     Reading input from standard input

     Current dimensions of program PWSCF are:
     Max number of different atomic species (ntypx) = 10
     Max number of k-points (npk) =  40000
     Max angular momentum in pseudopotentials (lmaxx) =  4

     K-points division:     npool     =       8
     R & G space division:  proc/nbgrp/npool/nimage =      32
     Subspace diagonalization in iterative solution of the eigenvalue problem:
     a serial algorithm will be used


     Parallelization info
     --------------------
     sticks:   dense  smooth     PW     G-vecs:    dense   smooth      PW
     Min          96      96     29                 1853     1853     311
     Max          97      97     30                 1855     1855     313
     Sum        3099    3099    945                59333    59333    9983

     Using Slab Decomposition



     bravais-lattice index     =            5
     lattice parameter (alat)  =      26.8360  a.u.
     unit-cell volume          =    1281.9023 (a.u.)^3
     number of atoms/cell      =            6
     number of atomic types    =            3
     number of electrons       =        64.00
     number of Kohn-Sham states=           38
     kinetic-energy cutoff     =      49.0000  Ry
     charge density cutoff     =     196.0000  Ry
     scf convergence threshold =      1.0E-10
     mixing beta               =       0.2000
     number of iterations used =            8  plain     mixing
     Exchange-correlation= PBESOL
                           (   1   4  10   8   0   0   0)
     Hubbard projectors: ortho-atomic
     Hubbard parameters of DFT+U (Dudarev formulation) in eV:
     U(Ni1-3d) =  5.4884
     U(Ni2-3d) =  5.4884

     Internal variables: lda_plus_u =T, lda_plus_u_kind = 0

     Internal variables: orbital_resolved =F, hub_pot_fix =F, apply_U = F

     celldm(1)=  26.836001  celldm(2)=   0.000000  celldm(3)=   0.000000
     celldm(4)=   0.961200  celldm(5)=   0.000000  celldm(6)=   0.000000

     crystal axes: (cart. coord. in units of alat)
               a(1) = (   0.139284  -0.080416   0.986982 )  
               a(2) = (   0.000000   0.160831   0.986982 )  
               a(3) = (  -0.139284  -0.080416   0.986982 )  

     reciprocal axes: (cart. coord. in units 2 pi/alat)
               b(1) = (  3.589791 -2.072567  0.337730 )  
               b(2) = (  0.000000  4.145133  0.337730 )  
               b(3) = ( -3.589791 -2.072567  0.337730 )  


     PseudoPot. # 1 for Ni read from file:
     ./Pseudos/Ni_pbesol.upf
     MD5 check sum: 3ec56ad6bf78c9cc1bbec815420e1c7d
     Pseudo is Norm-conserving + core correction, Zval = 18.0
     Generated using ONCVPSP code by D. R. Hamann
     Using radial grid of 1356 points,  6 beta functions with: 
                l(1) =   0
                l(2) =   0
                l(3) =   1
                l(4) =   1
                l(5) =   2
                l(6) =   2

     PseudoPot. # 2 for Ni read from file:
     ./Pseudos/Ni_pbesol.upf
     MD5 check sum: 3ec56ad6bf78c9cc1bbec815420e1c7d
     Pseudo is Norm-conserving + core correction, Zval = 18.0
     Generated using ONCVPSP code by D. R. Hamann
     Using radial grid of 1356 points,  6 beta functions with: 
                l(1) =   0
                l(2) =   0
                l(3) =   1
                l(4) =   1
                l(5) =   2
                l(6) =   2

     PseudoPot. # 3 for I  read from file:
     ./Pseudos/I_pbesol.upf
     MD5 check sum: 80ed5ceb2eb9c553cfb6760a299d9c5b
     Pseudo is Norm-conserving + core correction, Zval =  7.0
     Generated using ONCVPSP code by D. R. Hamann
     Using radial grid of 1182 points,  6 beta functions with: 
                l(1) =   0
                l(2) =   0
                l(3) =   1
                l(4) =   1
                l(5) =   2
                l(6) =   2

     atomic species   valence    mass     pseudopotential
     Ni1              18.00    58.69340     Ni( 1.00)
     Ni2              18.00    58.69340     Ni( 1.00)
     I                 7.00   126.90447     I ( 1.00)

     Starting magnetic structure 
     atomic species   magnetization
     Ni1             0.600
     Ni2            -0.600
     I               0.000

     12 Sym. Ops., with inversion, found


                                    s                        frac. trans.

      isym =  1     identity                                     

 cryst.   s( 1) = (     1          0          0      )
                  (     0          1          0      )
                  (     0          0          1      )

 cart.    s( 1) = (  1.0000000  0.0000000  0.0000000 )
                  (  0.0000000  1.0000000  0.0000000 )
                  ( -0.0000000 -0.0000000  1.0000000 )


      isym =  2     180 deg rotation - cart. axis [1,0,0]        

 cryst.   s( 2) = (     0          0         -1      )
                  (     0         -1          0      )
                  (    -1          0          0      )

 cart.    s( 2) = (  1.0000000 -0.0000000 -0.0000000 )
                  (  0.0000000 -1.0000000 -0.0000000 )
                  ( -0.0000000  0.0000000 -1.0000000 )


      isym =  3     120 deg rotation - cryst. axis [0,0,1]       

 cryst.   s( 3) = (     0          1          0      )
                  (     0          0          1      )
                  (     1          0          0      )

 cart.    s( 3) = ( -0.5000000 -0.8660254 -0.0000000 )
                  (  0.8660254 -0.5000000 -0.0000000 )
                  (  0.0000000  0.0000000  1.0000000 )


      isym =  4     120 deg rotation - cryst. axis [0,0,-1]      

 cryst.   s( 4) = (     0          0          1      )
                  (     1          0          0      )
                  (     0          1          0      )

 cart.    s( 4) = ( -0.5000000  0.8660254  0.0000000 )
                  ( -0.8660254 -0.5000000 -0.0000000 )
                  (  0.0000000 -0.0000000  1.0000000 )


      isym =  5     180 deg rotation - cryst. axis [0,1,0]       

 cryst.   s( 5) = (     0         -1          0      )
                  (    -1          0          0      )
                  (     0          0         -1      )

 cart.    s( 5) = ( -0.5000000 -0.8660254 -0.0000000 )
                  ( -0.8660254  0.5000000  0.0000000 )
                  (  0.0000000  0.0000000 -1.0000000 )


      isym =  6     180 deg rotation - cryst. axis [1,1,0]       

 cryst.   s( 6) = (    -1          0          0      )
                  (     0          0         -1      )
                  (     0         -1          0      )

 cart.    s( 6) = ( -0.5000000  0.8660254  0.0000000 )
                  (  0.8660254  0.5000000  0.0000000 )
                  ( -0.0000000 -0.0000000 -1.0000000 )


      isym =  7     inversion                                    

 cryst.   s( 7) = (    -1          0          0      )
                  (     0         -1          0      )
                  (     0          0         -1      )

 cart.    s( 7) = ( -1.0000000 -0.0000000 -0.0000000 )
                  ( -0.0000000 -1.0000000 -0.0000000 )
                  (  0.0000000  0.0000000 -1.0000000 )


      isym =  8     inv. 180 deg rotation - cart. axis [1,0,0]   

 cryst.   s( 8) = (     0          0          1      )
                  (     0          1          0      )
                  (     1          0          0      )

 cart.    s( 8) = ( -1.0000000  0.0000000  0.0000000 )
                  ( -0.0000000  1.0000000  0.0000000 )
                  (  0.0000000 -0.0000000  1.0000000 )


      isym =  9     inv. 120 deg rotation - cryst. axis [0,0,1]  

 cryst.   s( 9) = (     0         -1          0      )
                  (     0          0         -1      )
                  (    -1          0          0      )

 cart.    s( 9) = (  0.5000000  0.8660254  0.0000000 )
                  ( -0.8660254  0.5000000  0.0000000 )
                  ( -0.0000000 -0.0000000 -1.0000000 )


      isym = 10     inv. 120 deg rotation - cryst. axis [0,0,-1] 

 cryst.   s(10) = (     0          0         -1      )
                  (    -1          0          0      )
                  (     0         -1          0      )

 cart.    s(10) = (  0.5000000 -0.8660254 -0.0000000 )
                  (  0.8660254  0.5000000  0.0000000 )
                  ( -0.0000000  0.0000000 -1.0000000 )


      isym = 11     inv. 180 deg rotation - cryst. axis [0,1,0]  

 cryst.   s(11) = (     0          1          0      )
                  (     1          0          0      )
                  (     0          0          1      )

 cart.    s(11) = (  0.5000000  0.8660254  0.0000000 )
                  (  0.8660254 -0.5000000 -0.0000000 )
                  ( -0.0000000 -0.0000000  1.0000000 )


      isym = 12     inv. 180 deg rotation - cryst. axis [1,1,0]  

 cryst.   s(12) = (     1          0          0      )
                  (     0          0          1      )
                  (     0          1          0      )

 cart.    s(12) = (  0.5000000 -0.8660254 -0.0000000 )
                  ( -0.8660254 -0.5000000 -0.0000000 )
                  (  0.0000000  0.0000000  1.0000000 )


     point group D_3d (-3m) 
     there are  6 classes
     the character table:

       E     2C3   3C2'  i     2S6   3s_d 
A_1g   1.00  1.00  1.00  1.00  1.00  1.00
A_2g   1.00  1.00 -1.00  1.00  1.00 -1.00
E_g    2.00 -1.00  0.00  2.00 -1.00  0.00
A_1u   1.00  1.00  1.00 -1.00 -1.00 -1.00
A_2u   1.00  1.00 -1.00 -1.00 -1.00  1.00
E_u    2.00 -1.00  0.00 -2.00  1.00  0.00

     the symmetry operations in each class and the name of the first element:

     E        1
          identity                                               
     2C3      3    4
          120 deg rotation - cryst. axis [0,0,1]                 
     3C2'     2    5    6
          180 deg rotation - cart. axis [1,0,0]                  
     i        7
          inversion                                              
     2S6      9   10
          inv. 120 deg rotation - cryst. axis [0,0,1]            
     3s_d     8   11   12
          inv. 180 deg rotation - cart. axis [1,0,0]             

   Cartesian axes

     site n.     atom                  positions (alat units)
         1        Ni1    tau(   1) = (   0.0000000   0.0000000   0.0000000  )
         2        Ni2    tau(   2) = (   0.1392839   0.0804156   0.4934910  )
         3        I      tau(   3) = (  -0.0000000  -0.0000000   0.3856062  )
         4        I      tau(   4) = (   0.1392839   0.0804156   0.8790972  )
         5        I      tau(   5) = (   0.1392839   0.0804156   0.1078847  )
         6        I      tau(   6) = (   0.1392839  -0.0804156   0.6013757  )

   Crystallographic axes

     site n.     atom                  positions (cryst. coord.)
         1        Ni1    tau(   1) = (  0.0000000  0.0000000  0.0000000  )
         2        Ni2    tau(   2) = (  0.5000000  0.5000000 -0.5000000  )
         3        I      tau(   3) = (  0.1302308  0.1302308  0.1302308  )
         4        I      tau(   4) = (  0.6302308  0.6302308 -0.3697692  )
         5        I      tau(   5) = (  0.3697692  0.3697692 -0.6302308  )
         6        I      tau(   6) = (  0.8697692 -0.1302308 -0.1302308  )

     number of k points=    13  Marzari-Vanderbilt smearing, width (Ry)=  0.0020
                       cart. coord. in units 2pi/alat
        k(    1) = (   0.0000000   0.0000000   0.0000000), wk =   0.0156250
        k(    2) = (  -0.8974477  -0.5181417   0.0844325), wk =   0.0937500
        k(    3) = (   1.7948954   1.0362833  -0.1688650), wk =   0.0468750
        k(    4) = (  -0.8974477   0.5181417   0.1688650), wk =   0.0937500
        k(    5) = (   1.7948954   2.0725667  -0.0844325), wk =   0.1875000
        k(    6) = (   0.8974477   1.5544250   0.0000000), wk =   0.0937500
        k(    7) = (   1.7948954  -1.0362833  -0.3377299), wk =   0.0468750
        k(    8) = (   0.0000000   0.0000000   0.2532974), wk =   0.0312500
        k(    9) = (   2.6923431   1.5544250   0.0000000), wk =   0.0937500
        k(   10) = (   1.7948954   1.0362833   0.0844325), wk =   0.0937500
        k(   11) = (   2.6923431  -1.5544250  -0.2532974), wk =   0.0937500
        k(   12) = (   1.7948954  -2.0725667  -0.1688650), wk =   0.0937500
        k(   13) = (   0.0000000   0.0000000  -0.5065949), wk =   0.0156250

                       cryst. coord.
        k(    1) = (   0.0000000   0.0000000   0.0000000), wk =   0.0156250
        k(    2) = (  -0.0000000  -0.0000000   0.2500000), wk =   0.0937500
        k(    3) = (   0.0000000   0.0000000  -0.5000000), wk =   0.0468750
        k(    4) = (  -0.0000000   0.2500000   0.2500000), wk =   0.0937500
        k(    5) = (  -0.0000000   0.2500000  -0.5000000), wk =   0.1875000
        k(    6) = (  -0.0000000   0.2500000  -0.2500000), wk =   0.0937500
        k(    7) = (   0.0000000  -0.5000000  -0.5000000), wk =   0.0468750
        k(    8) = (   0.2500000   0.2500000   0.2500000), wk =   0.0312500
        k(    9) = (   0.2500000   0.2500000  -0.5000000), wk =   0.0937500
        k(   10) = (   0.2500000   0.2500000  -0.2500000), wk =   0.0937500
        k(   11) = (   0.2500000  -0.5000000  -0.5000000), wk =   0.0937500
        k(   12) = (   0.2500000  -0.5000000  -0.2500000), wk =   0.0937500
        k(   13) = (  -0.5000000  -0.5000000  -0.5000000), wk =   0.0156250

     Dense  grid:    59333 G-vectors     FFT dimensions: ( 120, 120, 120)

     Dynamical RAM for                 wfc:       0.13 MB

     Dynamical RAM for     wfc (w. buffer):       0.67 MB

     Dynamical RAM for             U proj.:       0.04 MB

     Dynamical RAM for  U proj. (w. buff.):       0.18 MB

     Dynamical RAM for           str. fact:       0.08 MB

     Dynamical RAM for           local pot:       0.00 MB

     Dynamical RAM for          nlocal pot:       0.38 MB

     Dynamical RAM for                qrad:       3.37 MB

     Dynamical RAM for          rho,v,vnew:       2.81 MB

     Dynamical RAM for               rhoin:       0.94 MB

     Dynamical RAM for            rho*nmix:       0.91 MB

     Dynamical RAM for           G-vectors:       0.12 MB

     Dynamical RAM for          h,s,v(r/c):       0.26 MB

     Dynamical RAM for          <psi|beta>:       0.06 MB

     Dynamical RAM for                 psi:       0.27 MB

     Dynamical RAM for                hpsi:       0.27 MB

     Dynamical RAM for      wfcinit/wfcrot:       0.30 MB

     Estimated static dynamical RAM per process >      11.30 MB

     Estimated max dynamical RAM per process >      13.07 MB

     Estimated total dynamical RAM >       3.07 GB

     Check: negative core charge=   -0.000024
     Generating pointlists ...
     new r_m :   0.0799 (alat units)  2.1438 (a.u.) for type    1
     new r_m :   0.0799 (alat units)  2.1438 (a.u.) for type    2
     new r_m :   0.0799 (alat units)  2.1438 (a.u.) for type    3

     Initial potential from superposition of free atoms

     starting charge      63.9993, renormalised to      64.0000

     HUBBARD ENERGY =    0.4841  (Ry)

     STARTING HUBBARD OCCUPATIONS:

     =================== HUBBARD OCCUPATIONS ===================
     ------------------------ ATOM    1 ------------------------
     Tr[ns(  1)] (up, down, total) =   5.00000  3.00000  8.00000
     Atomic magnetic moment for atom   1 =   2.00000
     SPIN  1
     eigenvalues:
       1.000  1.000  1.000  1.000  1.000
     eigenvectors (columns):
       1.000  0.000  0.000  0.000  0.000
       0.000  1.000  0.000  0.000  0.000
       0.000  0.000  1.000  0.000  0.000
       0.000  0.000  0.000  1.000  0.000
       0.000  0.000  0.000  0.000  1.000
     occupation matrix ns (before diag.):
       1.000  0.000  0.000  0.000  0.000
       0.000  1.000  0.000  0.000  0.000
       0.000  0.000  1.000  0.000  0.000
       0.000  0.000  0.000  1.000  0.000
       0.000  0.000  0.000  0.000  1.000
     SPIN  2
     eigenvalues:
       0.600  0.600  0.600  0.600  0.600
     eigenvectors (columns):
       1.000  0.000  0.000  0.000  0.000
       0.000  1.000  0.000  0.000  0.000
       0.000  0.000  1.000  0.000  0.000
       0.000  0.000  0.000  1.000  0.000
       0.000  0.000  0.000  0.000  1.000
     occupation matrix ns (before diag.):
       0.600  0.000  0.000  0.000  0.000
       0.000  0.600  0.000  0.000  0.000
       0.000  0.000  0.600  0.000  0.000
       0.000  0.000  0.000  0.600  0.000
       0.000  0.000  0.000  0.000  0.600
     ------------------------ ATOM    2 ------------------------
     Tr[ns(  2)] (up, down, total) =   3.00000  5.00000  8.00000
     Atomic magnetic moment for atom   2 =  -2.00000
     SPIN  1
     eigenvalues:
       0.600  0.600  0.600  0.600  0.600
     eigenvectors (columns):
       1.000  0.000  0.000  0.000  0.000
       0.000  1.000  0.000  0.000  0.000
       0.000  0.000  1.000  0.000  0.000
       0.000  0.000  0.000  1.000  0.000
       0.000  0.000  0.000  0.000  1.000
     occupation matrix ns (before diag.):
       0.600  0.000  0.000  0.000  0.000
       0.000  0.600  0.000  0.000  0.000
       0.000  0.000  0.600  0.000  0.000
       0.000  0.000  0.000  0.600  0.000
       0.000  0.000  0.000  0.000  0.600
     SPIN  2
     eigenvalues:
       1.000  1.000  1.000  1.000  1.000
     eigenvectors (columns):
       1.000  0.000  0.000  0.000  0.000
       0.000  1.000  0.000  0.000  0.000
       0.000  0.000  1.000  0.000  0.000
       0.000  0.000  0.000  1.000  0.000
       0.000  0.000  0.000  0.000  1.000
     occupation matrix ns (before diag.):
       1.000  0.000  0.000  0.000  0.000
       0.000  1.000  0.000  0.000  0.000
       0.000  0.000  1.000  0.000  0.000
       0.000  0.000  0.000  1.000  0.000
       0.000  0.000  0.000  0.000  1.000

     Number of occupied Hubbard levels =   16.0000

     Atomic wfc used for Hubbard projectors are orthogonalized

     Starting wfcs are   36 randomized atomic wfcs +    2 random wfcs

     total cpu time spent up to now is       20.5 secs

     per-process dynamical memory:    78.3 Mb

     Self-consistent Calculation

     iteration #  1     ecut=    49.00 Ry     beta= 0.20
     Davidson diagonalization with overlap

---- Real-time Memory Report at c_bands before calling an iterative solver
           100 MiB given to the printing process from OS
            76 MiB allocation reported by mallinfo(arena+hblkhd)
        239290 MiB available memory on the node where the printing process lives
------------------
     ethr =  1.00E-02,  avg # of iterations =  4.8

     =================== HUBBARD OCCUPATIONS ===================
     ------------------------ ATOM    1 ------------------------
     Tr[ns(  1)] (up, down, total) =   4.98679  2.25061  7.23740
     Atomic magnetic moment for atom   1 =   2.73619
     SPIN  1
     eigenvalues:
       0.997  0.997  0.997  0.998  0.998
     eigenvectors (columns):
       0.000 -0.000 -1.000  0.000  0.000
       0.163 -0.648  0.000  0.547 -0.504
       0.648  0.163  0.000  0.504  0.547
      -0.721 -0.182  0.000  0.452  0.492
      -0.182  0.721  0.000  0.492 -0.452
     occupation matrix ns (before diag.):
       0.997  0.000  0.000  0.000  0.000
       0.000  0.997  0.000 -0.000  0.000
       0.000  0.000  0.997  0.000  0.000
       0.000 -0.000  0.000  0.997 -0.000
       0.000  0.000  0.000 -0.000  0.997
     SPIN  2
     eigenvalues:
       0.165  0.165  0.552  0.685  0.685
     eigenvectors (columns):
      -0.000 -0.000 -1.000  0.000 -0.000
      -0.844  0.139  0.000  0.286  0.433
      -0.139 -0.844  0.000  0.433 -0.286
       0.084  0.512  0.000  0.713 -0.471
       0.512 -0.084  0.000  0.471  0.713
     occupation matrix ns (before diag.):
       0.552  0.000  0.000  0.000  0.000
       0.000  0.305  0.000 -0.000  0.231
       0.000  0.000  0.305  0.231  0.000
       0.000 -0.000  0.231  0.545 -0.000
       0.000  0.231  0.000 -0.000  0.545
     ------------------------ ATOM    2 ------------------------
     Tr[ns(  2)] (up, down, total) =   2.25359  4.98678  7.24036
     Atomic magnetic moment for atom   2 =  -2.73319
     SPIN  1
     eigenvalues:
       0.164  0.164  0.554  0.686  0.686
     eigenvectors (columns):
      -0.000 -0.000 -1.000  0.000 -0.000
      -0.843  0.141  0.000  0.286  0.434
      -0.141 -0.843  0.000  0.434 -0.286
       0.086  0.512  0.000  0.714 -0.470
       0.512 -0.086  0.000  0.470  0.714
     occupation matrix ns (before diag.):
       0.554  0.000  0.000  0.000  0.000
       0.000  0.305  0.000 -0.000  0.231
       0.000  0.000  0.305  0.231  0.000
       0.000 -0.000  0.231  0.545 -0.000
       0.000  0.231  0.000 -0.000  0.545
     SPIN  2
     eigenvalues:
       0.997  0.997  0.997  0.998  0.998
     eigenvectors (columns):
       0.000 -0.000 -1.000  0.000  0.000
       0.166 -0.637  0.000  0.565 -0.498
       0.637  0.166  0.000  0.498  0.565
      -0.728 -0.190  0.000  0.435  0.494
      -0.190  0.728  0.000  0.494 -0.435
     occupation matrix ns (before diag.):
       0.997  0.000  0.000  0.000  0.000
       0.000  0.997  0.000 -0.000  0.000
       0.000  0.000  0.997  0.000  0.000
       0.000 -0.000  0.000  0.997 -0.000
       0.000  0.000  0.000 -0.000  0.997

     Number of occupied Hubbard levels =   14.4778

     HUBBARD ENERGY =    0.3899  (Ry)

     total cpu time spent up to now is       21.7 secs

     total energy              =    -767.83665892 Ry
     estimated scf accuracy    <       6.95025361 Ry

     total magnetization       =    -0.01 Bohr mag/cell
     absolute magnetization    =     6.68 Bohr mag/cell

     iteration #  2     ecut=    49.00 Ry     beta= 0.20
     Davidson diagonalization with overlap

---- Real-time Memory Report at c_bands before calling an iterative solver
           107 MiB given to the printing process from OS
            74 MiB allocation reported by mallinfo(arena+hblkhd)
        238558 MiB available memory on the node where the printing process lives
------------------
     ethr =  1.00E-02,  avg # of iterations =  2.0

     =================== HUBBARD OCCUPATIONS ===================
     ------------------------ ATOM    1 ------------------------
     Tr[ns(  1)] (up, down, total) =   4.99221  3.31878  8.31099
     Atomic magnetic moment for atom   1 =   1.67343
     SPIN  1
     eigenvalues:
       0.998  0.998  0.998  0.999  0.999
     eigenvectors (columns):
       0.000 -0.000 -1.000  0.000  0.000
       0.147 -0.411  0.000  0.894 -0.105
       0.411  0.147  0.000  0.105  0.894
      -0.847 -0.303  0.000  0.051  0.433
      -0.303  0.847  0.000  0.433 -0.051
     occupation matrix ns (before diag.):
       0.998  0.000  0.000  0.000  0.000
       0.000  0.998  0.000 -0.000  0.000
       0.000  0.000  0.998  0.000  0.000
       0.000 -0.000  0.000  0.998 -0.000
       0.000  0.000  0.000 -0.000  0.998
     SPIN  2
     eigenvalues:
       0.208  0.208  0.966  0.968  0.968
     eigenvectors (columns):
      -0.000  0.000 -1.000 -0.000 -0.000
       0.602  0.595  0.000 -0.295  0.444
      -0.595  0.602  0.000 -0.444 -0.295
       0.375 -0.379  0.000 -0.705 -0.468
      -0.379 -0.375  0.000 -0.468  0.705
     occupation matrix ns (before diag.):
       0.966  0.000  0.000  0.000  0.000
       0.000  0.424  0.000 -0.000  0.343
       0.000  0.000  0.424  0.343  0.000
       0.000 -0.000  0.343  0.752 -0.000
       0.000  0.343  0.000 -0.000  0.752
     ------------------------ ATOM    2 ------------------------
     Tr[ns(  2)] (up, down, total) =   3.31635  4.99221  8.30857
     Atomic magnetic moment for atom   2 =  -1.67586
     SPIN  1
     eigenvalues:
       0.207  0.207  0.966  0.968  0.968
     eigenvectors (columns):
      -0.000  0.000 -1.000 -0.000 -0.000
       0.601  0.595  0.000 -0.295  0.444
      -0.595  0.601  0.000 -0.444 -0.295
       0.375 -0.379  0.000 -0.705 -0.468
      -0.379 -0.375  0.000 -0.468  0.705
     occupation matrix ns (before diag.):
       0.966  0.000  0.000  0.000  0.000
       0.000  0.424  0.000 -0.000  0.343
       0.000  0.000  0.424  0.343  0.000
       0.000 -0.000  0.343  0.751 -0.000
       0.000  0.343  0.000 -0.000  0.751
     SPIN  2
     eigenvalues:
       0.998  0.998  0.998  0.999  0.999
     eigenvectors (columns):
       0.000 -0.000 -1.000  0.000  0.000
       0.148 -0.416  0.000  0.890 -0.116
       0.416  0.148  0.000  0.116  0.890
      -0.845 -0.301  0.000  0.057  0.438
      -0.301  0.845  0.000  0.438 -0.057
     occupation matrix ns (before diag.):
       0.998  0.000  0.000  0.000  0.000
       0.000  0.998  0.000 -0.000  0.000
       0.000  0.000  0.998  0.000  0.000
       0.000 -0.000  0.000  0.998 -0.000
       0.000  0.000  0.000 -0.000  0.998

     Number of occupied Hubbard levels =   16.6196

     HUBBARD ENERGY =    0.3692  (Ry)

     total cpu time spent up to now is       22.4 secs

     total energy              =    -769.11392635 Ry
     estimated scf accuracy    <       4.04430537 Ry

     total magnetization       =    -0.00 Bohr mag/cell
     absolute magnetization    =     4.27 Bohr mag/cell

     iteration #  3     ecut=    49.00 Ry     beta= 0.20
     Davidson diagonalization with overlap

---- Real-time Memory Report at c_bands before calling an iterative solver
           109 MiB given to the printing process from OS
            74 MiB allocation reported by mallinfo(arena+hblkhd)
        238544 MiB available memory on the node where the printing process lives
------------------
     ethr =  6.32E-03,  avg # of iterations =  1.0

     =================== HUBBARD OCCUPATIONS ===================
     ------------------------ ATOM    1 ------------------------
     Tr[ns(  1)] (up, down, total) =   4.99324  3.35405  8.34730
     Atomic magnetic moment for atom   1 =   1.63919
     SPIN  1
     eigenvalues:
       0.998  0.998  0.999  0.999  0.999
     eigenvectors (columns):
       0.000 -0.000 -0.000  0.000  1.000
       0.169 -0.533  0.744  0.366  0.000
       0.533  0.169  0.366 -0.744  0.000
      -0.790 -0.250  0.247 -0.502  0.000
      -0.250  0.790  0.502  0.247  0.000
     occupation matrix ns (before diag.):
       0.999  0.000  0.000  0.000  0.000
       0.000  0.999  0.000 -0.000  0.000
       0.000  0.000  0.999  0.000  0.000
       0.000 -0.000  0.000  0.999 -0.000
       0.000  0.000  0.000 -0.000  0.999
     SPIN  2
     eigenvalues:
       0.212  0.212  0.977  0.977  0.977
     eigenvectors (columns):
      -0.000  0.000 -1.000 -0.000 -0.000
       0.540  0.648  0.000 -0.298  0.447
      -0.648  0.540  0.000 -0.447 -0.298
       0.413 -0.344  0.000 -0.702 -0.468
      -0.344 -0.413  0.000 -0.468  0.702
     occupation matrix ns (before diag.):
       0.977  0.000  0.000  0.000  0.000
       0.000  0.433  0.000 -0.000  0.347
       0.000  0.000  0.433  0.347  0.000
       0.000 -0.000  0.347  0.756 -0.000
       0.000  0.347  0.000 -0.000  0.756
     ------------------------ ATOM    2 ------------------------
     Tr[ns(  2)] (up, down, total) =   3.35400  4.99324  8.34724
     Atomic magnetic moment for atom   2 =  -1.63925
     SPIN  1
     eigenvalues:
       0.212  0.212  0.977  0.977  0.977
     eigenvectors (columns):
      -0.000  0.000 -1.000 -0.000 -0.000
       0.541  0.647  0.000 -0.299  0.447
      -0.647  0.541  0.000 -0.447 -0.299
       0.413 -0.345  0.000 -0.701 -0.468
      -0.345 -0.413  0.000 -0.468  0.701
     occupation matrix ns (before diag.):
       0.977  0.000  0.000  0.000  0.000
       0.000  0.433  0.000 -0.000  0.347
       0.000  0.000  0.433  0.347  0.000
       0.000 -0.000  0.347  0.756 -0.000
       0.000  0.347  0.000 -0.000  0.756
     SPIN  2
     eigenvalues:
       0.998  0.998  0.999  0.999  0.999
     eigenvectors (columns):
       0.000 -0.000 -0.000  0.000  1.000
       0.169 -0.534  0.743  0.367  0.000
       0.534  0.169  0.367 -0.743  0.000
      -0.790 -0.249  0.248 -0.502  0.000
      -0.249  0.790  0.502  0.248  0.000
     occupation matrix ns (before diag.):
       0.999  0.000  0.000  0.000  0.000
       0.000  0.999  0.000 -0.000  0.000
       0.000  0.000  0.999  0.000  0.000
       0.000 -0.000  0.000  0.999 -0.000
       0.000  0.000  0.000 -0.000  0.999

     Number of occupied Hubbard levels =   16.6945

     HUBBARD ENERGY =    0.1898  (Ry)

     total cpu time spent up to now is       23.0 secs

     total energy              =    -770.32532542 Ry
     estimated scf accuracy    <       2.67162101 Ry

     total magnetization       =     0.00 Bohr mag/cell
     absolute magnetization    =     4.17 Bohr mag/cell

     iteration #  4     ecut=    49.00 Ry     beta= 0.20
     Davidson diagonalization with overlap

---- Real-time Memory Report at c_bands before calling an iterative solver
           111 MiB given to the printing process from OS
            74 MiB allocation reported by mallinfo(arena+hblkhd)
        238540 MiB available memory on the node where the printing process lives
------------------
     ethr =  4.17E-03,  avg # of iterations =  2.0

     =================== HUBBARD OCCUPATIONS ===================
     ------------------------ ATOM    1 ------------------------
     Tr[ns(  1)] (up, down, total) =   4.98416  3.41035  8.39451
     Atomic magnetic moment for atom   1 =   1.57381
     SPIN  1
     eigenvalues:
       0.996  0.996  0.997  0.997  0.997
     eigenvectors (columns):
      -0.000  0.000 -1.000 -0.000  0.000
       0.119  0.227  0.000 -0.893  0.370
       0.227 -0.119 -0.000  0.370  0.893
       0.857 -0.448 -0.000 -0.098 -0.237
       0.448  0.857 -0.000  0.237 -0.098
     occupation matrix ns (before diag.):
       0.997  0.000  0.000  0.000  0.000
       0.000  0.997  0.000 -0.000 -0.000
       0.000  0.000  0.997 -0.000  0.000
       0.000 -0.000 -0.000  0.996 -0.000
       0.000 -0.000  0.000 -0.000  0.996
     SPIN  2
     eigenvalues:
       0.222  0.222  0.989  0.989  0.989
     eigenvectors (columns):
      -0.000  0.000 -0.000  0.000  1.000
       0.401  0.733  0.308  0.455  0.000
      -0.733  0.401  0.455 -0.308  0.000
       0.482 -0.264  0.692 -0.468  0.000
      -0.264 -0.482  0.468  0.692  0.000
     occupation matrix ns (before diag.):
       0.989  0.000  0.000  0.000  0.000
       0.000  0.454  0.000 -0.000  0.352
       0.000  0.000  0.454  0.352  0.000
       0.000 -0.000  0.352  0.757 -0.000
       0.000  0.352  0.000 -0.000  0.757
     ------------------------ ATOM    2 ------------------------
     Tr[ns(  2)] (up, down, total) =   3.40836  4.98412  8.39248
     Atomic magnetic moment for atom   2 =  -1.57576
     SPIN  1
     eigenvalues:
       0.221  0.221  0.989  0.989  0.989
     eigenvectors (columns):
      -0.000  0.000 -0.000  0.000  1.000
       0.386  0.740  0.308  0.456  0.000
      -0.740  0.386  0.456 -0.308  0.000
       0.488 -0.255  0.691 -0.468  0.000
      -0.255 -0.488  0.468  0.691  0.000
     occupation matrix ns (before diag.):
       0.989  0.000  0.000  0.000  0.000
       0.000  0.453  0.000 -0.000  0.353
       0.000  0.000  0.453  0.353  0.000
       0.000 -0.000  0.353  0.756 -0.000
       0.000  0.353  0.000 -0.000  0.756
     SPIN  2
     eigenvalues:
       0.996  0.996  0.997  0.997  0.997
     eigenvectors (columns):
      -0.000  0.000 -1.000 -0.000  0.000
       0.117  0.225  0.000 -0.894  0.369
       0.225 -0.117 -0.000  0.369  0.894
       0.858 -0.447 -0.000 -0.097 -0.235
       0.447  0.858 -0.000  0.235 -0.097
     occupation matrix ns (before diag.):
       0.997  0.000  0.000  0.000  0.000
       0.000  0.997  0.000 -0.000 -0.000
       0.000  0.000  0.997 -0.000  0.000
       0.000 -0.000 -0.000  0.996 -0.000
       0.000 -0.000  0.000 -0.000  0.996

     Number of occupied Hubbard levels =   16.7870

     HUBBARD ENERGY =    0.1454  (Ry)

     total cpu time spent up to now is       23.7 secs

     total energy              =    -770.41710394 Ry
     estimated scf accuracy    <       0.16728821 Ry

     total magnetization       =    -0.00 Bohr mag/cell
     absolute magnetization    =     4.08 Bohr mag/cell

     iteration #  5     ecut=    49.00 Ry     beta= 0.20
     Davidson diagonalization with overlap

---- Real-time Memory Report at c_bands before calling an iterative solver
           111 MiB given to the printing process from OS
            74 MiB allocation reported by mallinfo(arena+hblkhd)
        238519 MiB available memory on the node where the printing process lives
------------------
     ethr =  2.61E-04,  avg # of iterations =  4.3

     =================== HUBBARD OCCUPATIONS ===================
     ------------------------ ATOM    1 ------------------------
     Tr[ns(  1)] (up, down, total) =   4.98204  3.74732  8.72936
     Atomic magnetic moment for atom   1 =   1.23473
     SPIN  1
     eigenvalues:
       0.996  0.996  0.996  0.997  0.997
     eigenvectors (columns):
      -0.000  0.000 -1.000 -0.000  0.000
       0.159  0.290 -0.000 -0.856  0.398
       0.290 -0.159 -0.000  0.398  0.856
       0.828 -0.453 -0.000 -0.139 -0.300
       0.453  0.828 -0.000  0.300 -0.139
     occupation matrix ns (before diag.):
       0.996  0.000  0.000  0.000  0.000
       0.000  0.997  0.000 -0.000 -0.000
       0.000  0.000  0.997 -0.000  0.000
       0.000 -0.000 -0.000  0.996 -0.000
       0.000 -0.000  0.000 -0.000  0.996
     SPIN  2
     eigenvalues:
       0.386  0.386  0.991  0.991  0.992
     eigenvectors (columns):
      -0.000  0.000 -0.000  0.000  1.000
       0.355  0.753  0.311  0.458  0.000
      -0.753  0.355  0.458 -0.311  0.000
       0.501 -0.236  0.689 -0.468  0.000
      -0.236 -0.501  0.468  0.689  0.000
     occupation matrix ns (before diag.):
       0.992  0.000  0.000  0.000  0.000
       0.000  0.572  0.000 -0.000  0.279
       0.000  0.000  0.572  0.279  0.000
       0.000 -0.000  0.279  0.806 -0.000
       0.000  0.279  0.000 -0.000  0.806
     ------------------------ ATOM    2 ------------------------
     Tr[ns(  2)] (up, down, total) =   3.75239  4.98217  8.73456
     Atomic magnetic moment for atom   2 =  -1.22978
     SPIN  1
     eigenvalues:
       0.389  0.389  0.991  0.991  0.992
     eigenvectors (columns):
      -0.000  0.000 -0.000  0.000  1.000
       0.352  0.754  0.312  0.458  0.000
      -0.754  0.352  0.458 -0.312  0.000
       0.502 -0.235  0.688 -0.468  0.000
      -0.235 -0.502  0.468  0.688  0.000
     occupation matrix ns (before diag.):
       0.992  0.000  0.000  0.000  0.000
       0.000  0.574  0.000 -0.000  0.278
       0.000  0.000  0.574  0.278  0.000
       0.000 -0.000  0.278  0.806 -0.000
       0.000  0.278  0.000 -0.000  0.806
     SPIN  2
     eigenvalues:
       0.996  0.996  0.996  0.997  0.997
     eigenvectors (columns):
      -0.000  0.000 -1.000 -0.000  0.000
       0.158  0.289 -0.000 -0.856  0.398
       0.289 -0.158 -0.000  0.398  0.856
       0.828 -0.454 -0.000 -0.139 -0.299
       0.454  0.828 -0.000  0.299 -0.139
     occupation matrix ns (before diag.):
       0.996  0.000  0.000  0.000  0.000
       0.000  0.997  0.000 -0.000 -0.000
       0.000  0.000  0.997 -0.000  0.000
       0.000 -0.000 -0.000  0.996 -0.000
       0.000 -0.000  0.000 -0.000  0.996

     Number of occupied Hubbard levels =   17.4639

     HUBBARD ENERGY =    0.1512  (Ry)

     total cpu time spent up to now is       24.5 secs

     total energy              =    -770.47382007 Ry
     estimated scf accuracy    <       0.19478595 Ry

     total magnetization       =    -0.00 Bohr mag/cell
     absolute magnetization    =     4.04 Bohr mag/cell

     iteration #  6     ecut=    49.00 Ry     beta= 0.20
     Davidson diagonalization with overlap

---- Real-time Memory Report at c_bands before calling an iterative solver
           111 MiB given to the printing process from OS
            74 MiB allocation reported by mallinfo(arena+hblkhd)
        238502 MiB available memory on the node where the printing process lives
------------------
     ethr =  2.61E-04,  avg # of iterations =  1.0

     =================== HUBBARD OCCUPATIONS ===================
     ------------------------ ATOM    1 ------------------------
     Tr[ns(  1)] (up, down, total) =   4.98016  3.67614  8.65630
     Atomic magnetic moment for atom   1 =   1.30402
     SPIN  1
     eigenvalues:
       0.995  0.995  0.996  0.997  0.997
     eigenvectors (columns):
      -0.000  0.000 -1.000 -0.000  0.000
       0.177  0.315 -0.000 -0.836  0.413
       0.315 -0.177 -0.000  0.413  0.836
       0.813 -0.456 -0.000 -0.160 -0.324
       0.456  0.813 -0.000  0.324 -0.160
     occupation matrix ns (before diag.):
       0.996  0.000  0.000  0.000  0.000
       0.000  0.997  0.000 -0.000 -0.001
       0.000  0.000  0.997 -0.001  0.000
       0.000 -0.000 -0.001  0.995 -0.000
       0.000 -0.001  0.000 -0.000  0.995
     SPIN  2
     eigenvalues:
       0.351  0.351  0.991  0.991  0.992
     eigenvectors (columns):
       0.000  0.000 -0.000  0.000  1.000
      -0.353  0.754  0.311  0.458  0.000
       0.754  0.353  0.458 -0.311  0.000
      -0.502 -0.235  0.689 -0.468  0.000
       0.235 -0.502  0.468  0.689  0.000
     occupation matrix ns (before diag.):
       0.992  0.000  0.000  0.000  0.000
       0.000  0.547  0.000 -0.000  0.295
       0.000  0.000  0.547  0.295  0.000
       0.000 -0.000  0.295  0.795 -0.000
       0.000  0.295  0.000 -0.000  0.795
     ------------------------ ATOM    2 ------------------------
     Tr[ns(  2)] (up, down, total) =   3.67863  4.98023  8.65887
     Atomic magnetic moment for atom   2 =  -1.30160
     SPIN  1
     eigenvalues:
       0.352  0.352  0.991  0.991  0.992
     eigenvectors (columns):
      -0.000  0.000 -0.000  0.000  1.000
       0.350  0.755  0.312  0.458  0.000
      -0.755  0.350  0.458 -0.312  0.000
       0.503 -0.233  0.688 -0.468  0.000
      -0.233 -0.503  0.468  0.688  0.000
     occupation matrix ns (before diag.):
       0.992  0.000  0.000  0.000  0.000
       0.000  0.548  0.000 -0.000  0.295
       0.000  0.000  0.548  0.295  0.000
       0.000 -0.000  0.295  0.795 -0.000
       0.000  0.295  0.000 -0.000  0.795
     SPIN  2
     eigenvalues:
       0.995  0.995  0.996  0.997  0.997
     eigenvectors (columns):
      -0.000  0.000 -1.000 -0.000  0.000
       0.177  0.316 -0.000 -0.835  0.414
       0.316 -0.177 -0.000  0.414  0.835
       0.813 -0.456 -0.000 -0.161 -0.324
       0.456  0.813 -0.000  0.324 -0.161
     occupation matrix ns (before diag.):
       0.996  0.000  0.000  0.000  0.000
       0.000  0.997  0.000 -0.000 -0.001
       0.000  0.000  0.997 -0.001  0.000
       0.000 -0.000 -0.001  0.995 -0.000
       0.000 -0.001  0.000 -0.000  0.995

     Number of occupied Hubbard levels =   17.3152

     HUBBARD ENERGY =    0.1601  (Ry)

     total cpu time spent up to now is       25.2 secs

     total energy              =    -770.46300665 Ry
     estimated scf accuracy    <       0.09431616 Ry

     total magnetization       =     0.00 Bohr mag/cell
     absolute magnetization    =     4.04 Bohr mag/cell

     iteration #  7     ecut=    49.00 Ry     beta= 0.20
     Davidson diagonalization with overlap

---- Real-time Memory Report at c_bands before calling an iterative solver
