
     Program PWSCF v.7.5 starts on 20Feb2026 at  9:18:37 
        Git branch: HEAD
        Last git commit: 770a0b2d12928a67048e2f3da8d10d057e52179e
        Last git commit date: Tue Aug 19 09:57:12 2025 +0000
        Last git commit subject: Merge branch 'QE-7.5-RC' into 'master'

     This program is part of the open-source Quantum ESPRESSO suite
     for quantum simulation of materials; please cite
         "P. Giannozzi et al., J. Phys.:Condens. Matter 21 395502 (2009);
         "P. Giannozzi et al., J. Phys.:Condens. Matter 29 465901 (2017);
         "P. Giannozzi et al., J. Chem. Phys. 152 154105 (2020);
          URL http://www.quantum-espresso.org", 
     in publications or presentations arising from this work. More details at
     http://www.quantum-espresso.org/quote

     Parallel version (MPI), running on   256 processors

     MPI processes distributed on     8 nodes
     240414 MiB available memory on the printing compute node when the environment starts

     Waiting for input...
     Reading input from standard input

     Current dimensions of program PWSCF are:
     Max number of different atomic species (ntypx) = 10
     Max number of k-points (npk) =  40000
     Max angular momentum in pseudopotentials (lmaxx) =  4

     K-points division:     npool     =       8
     R & G space division:  proc/nbgrp/npool/nimage =      32
     Subspace diagonalization in iterative solution of the eigenvalue problem:
     a serial algorithm will be used


     Parallelization info
     --------------------
     sticks:   dense  smooth     PW     G-vecs:    dense   smooth      PW
     Min          96      96     29                 1853     1853     311
     Max          97      97     30                 1855     1855     313
     Sum        3099    3099    945                59333    59333    9983

     Using Slab Decomposition



     bravais-lattice index     =            5
     lattice parameter (alat)  =      26.8360  a.u.
     unit-cell volume          =    1281.9023 (a.u.)^3
     number of atoms/cell      =            6
     number of atomic types    =            3
     number of electrons       =        64.00 (up:  32.00, down:  32.00)
     number of Kohn-Sham states=           32
     kinetic-energy cutoff     =      49.0000  Ry
     charge density cutoff     =     196.0000  Ry
     scf convergence threshold =      1.0E-10
     mixing beta               =       0.2000
     number of iterations used =            8  plain     mixing
     Exchange-correlation= PBESOL
                           (   1   4  10   8   0   0   0)
     Hubbard projectors: ortho-atomic
     Hubbard parameters of DFT+U (Dudarev formulation) in eV:
     U(Ni1-3d) =  5.4885
     U(Ni2-3d) =  6.4885

     Internal variables: lda_plus_u =T, lda_plus_u_kind = 0

     Internal variables: orbital_resolved =F, hub_pot_fix =F, apply_U = F

     celldm(1)=  26.836001  celldm(2)=   0.000000  celldm(3)=   0.000000
     celldm(4)=   0.961200  celldm(5)=   0.000000  celldm(6)=   0.000000

     crystal axes: (cart. coord. in units of alat)
               a(1) = (   0.139284  -0.080416   0.986982 )  
               a(2) = (   0.000000   0.160831   0.986982 )  
               a(3) = (  -0.139284  -0.080416   0.986982 )  

     reciprocal axes: (cart. coord. in units 2 pi/alat)
               b(1) = (  3.589791 -2.072567  0.337730 )  
               b(2) = (  0.000000  4.145133  0.337730 )  
               b(3) = ( -3.589791 -2.072567  0.337730 )  


     PseudoPot. # 1 for Ni read from file:
     ./Pseudos/Ni_pbesol.upf
     MD5 check sum: 3ec56ad6bf78c9cc1bbec815420e1c7d
     Pseudo is Norm-conserving + core correction, Zval = 18.0
     Generated using ONCVPSP code by D. R. Hamann
     Using radial grid of 1356 points,  6 beta functions with: 
                l(1) =   0
                l(2) =   0
                l(3) =   1
                l(4) =   1
                l(5) =   2
                l(6) =   2

     PseudoPot. # 2 for Ni read from file:
     ./Pseudos/Ni_pbesol.upf
     MD5 check sum: 3ec56ad6bf78c9cc1bbec815420e1c7d
     Pseudo is Norm-conserving + core correction, Zval = 18.0
     Generated using ONCVPSP code by D. R. Hamann
     Using radial grid of 1356 points,  6 beta functions with: 
                l(1) =   0
                l(2) =   0
                l(3) =   1
                l(4) =   1
                l(5) =   2
                l(6) =   2

     PseudoPot. # 3 for I  read from file:
     ./Pseudos/I_pbesol.upf
     MD5 check sum: 80ed5ceb2eb9c553cfb6760a299d9c5b
     Pseudo is Norm-conserving + core correction, Zval =  7.0
     Generated using ONCVPSP code by D. R. Hamann
     Using radial grid of 1182 points,  6 beta functions with: 
                l(1) =   0
                l(2) =   0
                l(3) =   1
                l(4) =   1
                l(5) =   2
                l(6) =   2

     atomic species   valence    mass     pseudopotential
     Ni1              18.00    58.69340     Ni( 1.00)
     Ni2              18.00    58.69340     Ni( 1.00)
     I                 7.00   126.90447     I ( 1.00)

     Starting magnetic structure 
     atomic species   magnetization
     Ni1             0.600
     Ni2            -0.600
     I               0.000

     12 Sym. Ops., with inversion, found


                                    s                        frac. trans.

      isym =  1     identity                                     

 cryst.   s( 1) = (     1          0          0      )
                  (     0          1          0      )
                  (     0          0          1      )

 cart.    s( 1) = (  1.0000000  0.0000000  0.0000000 )
                  (  0.0000000  1.0000000  0.0000000 )
                  ( -0.0000000 -0.0000000  1.0000000 )


      isym =  2     180 deg rotation - cart. axis [1,0,0]        

 cryst.   s( 2) = (     0          0         -1      )
                  (     0         -1          0      )
                  (    -1          0          0      )

 cart.    s( 2) = (  1.0000000 -0.0000000 -0.0000000 )
                  (  0.0000000 -1.0000000 -0.0000000 )
                  ( -0.0000000  0.0000000 -1.0000000 )


      isym =  3     120 deg rotation - cryst. axis [0,0,1]       

 cryst.   s( 3) = (     0          1          0      )
                  (     0          0          1      )
                  (     1          0          0      )

 cart.    s( 3) = ( -0.5000000 -0.8660254 -0.0000000 )
                  (  0.8660254 -0.5000000 -0.0000000 )
                  (  0.0000000  0.0000000  1.0000000 )


      isym =  4     120 deg rotation - cryst. axis [0,0,-1]      

 cryst.   s( 4) = (     0          0          1      )
                  (     1          0          0      )
                  (     0          1          0      )

 cart.    s( 4) = ( -0.5000000  0.8660254  0.0000000 )
                  ( -0.8660254 -0.5000000 -0.0000000 )
                  (  0.0000000 -0.0000000  1.0000000 )


      isym =  5     180 deg rotation - cryst. axis [0,1,0]       

 cryst.   s( 5) = (     0         -1          0      )
                  (    -1          0          0      )
                  (     0          0         -1      )

 cart.    s( 5) = ( -0.5000000 -0.8660254 -0.0000000 )
                  ( -0.8660254  0.5000000  0.0000000 )
                  (  0.0000000  0.0000000 -1.0000000 )


      isym =  6     180 deg rotation - cryst. axis [1,1,0]       

 cryst.   s( 6) = (    -1          0          0      )
                  (     0          0         -1      )
                  (     0         -1          0      )

 cart.    s( 6) = ( -0.5000000  0.8660254  0.0000000 )
                  (  0.8660254  0.5000000  0.0000000 )
                  ( -0.0000000 -0.0000000 -1.0000000 )


      isym =  7     inversion                                    

 cryst.   s( 7) = (    -1          0          0      )
                  (     0         -1          0      )
                  (     0          0         -1      )

 cart.    s( 7) = ( -1.0000000 -0.0000000 -0.0000000 )
                  ( -0.0000000 -1.0000000 -0.0000000 )
                  (  0.0000000  0.0000000 -1.0000000 )


      isym =  8     inv. 180 deg rotation - cart. axis [1,0,0]   

 cryst.   s( 8) = (     0          0          1      )
                  (     0          1          0      )
                  (     1          0          0      )

 cart.    s( 8) = ( -1.0000000  0.0000000  0.0000000 )
                  ( -0.0000000  1.0000000  0.0000000 )
                  (  0.0000000 -0.0000000  1.0000000 )


      isym =  9     inv. 120 deg rotation - cryst. axis [0,0,1]  

 cryst.   s( 9) = (     0         -1          0      )
                  (     0          0         -1      )
                  (    -1          0          0      )

 cart.    s( 9) = (  0.5000000  0.8660254  0.0000000 )
                  ( -0.8660254  0.5000000  0.0000000 )
                  ( -0.0000000 -0.0000000 -1.0000000 )


      isym = 10     inv. 120 deg rotation - cryst. axis [0,0,-1] 

 cryst.   s(10) = (     0          0         -1      )
                  (    -1          0          0      )
                  (     0         -1          0      )

 cart.    s(10) = (  0.5000000 -0.8660254 -0.0000000 )
                  (  0.8660254  0.5000000  0.0000000 )
                  ( -0.0000000  0.0000000 -1.0000000 )


      isym = 11     inv. 180 deg rotation - cryst. axis [0,1,0]  

 cryst.   s(11) = (     0          1          0      )
                  (     1          0          0      )
                  (     0          0          1      )

 cart.    s(11) = (  0.5000000  0.8660254  0.0000000 )
                  (  0.8660254 -0.5000000 -0.0000000 )
                  ( -0.0000000 -0.0000000  1.0000000 )


      isym = 12     inv. 180 deg rotation - cryst. axis [1,1,0]  

 cryst.   s(12) = (     1          0          0      )
                  (     0          0          1      )
                  (     0          1          0      )

 cart.    s(12) = (  0.5000000 -0.8660254 -0.0000000 )
                  ( -0.8660254 -0.5000000 -0.0000000 )
                  (  0.0000000  0.0000000  1.0000000 )


     point group D_3d (-3m) 
     there are  6 classes
     the character table:

       E     2C3   3C2'  i     2S6   3s_d 
A_1g   1.00  1.00  1.00  1.00  1.00  1.00
A_2g   1.00  1.00 -1.00  1.00  1.00 -1.00
E_g    2.00 -1.00  0.00  2.00 -1.00  0.00
A_1u   1.00  1.00  1.00 -1.00 -1.00 -1.00
A_2u   1.00  1.00 -1.00 -1.00 -1.00  1.00
E_u    2.00 -1.00  0.00 -2.00  1.00  0.00

     the symmetry operations in each class and the name of the first element:

     E        1
          identity                                               
     2C3      3    4
          120 deg rotation - cryst. axis [0,0,1]                 
     3C2'     2    5    6
          180 deg rotation - cart. axis [1,0,0]                  
     i        7
          inversion                                              
     2S6      9   10
          inv. 120 deg rotation - cryst. axis [0,0,1]            
     3s_d     8   11   12
          inv. 180 deg rotation - cart. axis [1,0,0]             

   Cartesian axes

     site n.     atom                  positions (alat units)
         1        Ni1    tau(   1) = (   0.0000000   0.0000000   0.0000000  )
         2        Ni2    tau(   2) = (   0.1392839   0.0804156   0.4934910  )
         3        I      tau(   3) = (  -0.0000000  -0.0000000   0.3856062  )
         4        I      tau(   4) = (   0.1392839   0.0804156   0.8790972  )
         5        I      tau(   5) = (   0.1392839   0.0804156   0.1078847  )
         6        I      tau(   6) = (   0.1392839  -0.0804156   0.6013757  )

   Crystallographic axes

     site n.     atom                  positions (cryst. coord.)
         1        Ni1    tau(   1) = (  0.0000000  0.0000000  0.0000000  )
         2        Ni2    tau(   2) = (  0.5000000  0.5000000 -0.5000000  )
         3        I      tau(   3) = (  0.1302308  0.1302308  0.1302308  )
         4        I      tau(   4) = (  0.6302308  0.6302308 -0.3697692  )
         5        I      tau(   5) = (  0.3697692  0.3697692 -0.6302308  )
         6        I      tau(   6) = (  0.8697692 -0.1302308 -0.1302308  )

     number of k points=    13
                       cart. coord. in units 2pi/alat
        k(    1) = (   0.0000000   0.0000000   0.0000000), wk =   0.0156250
        k(    2) = (  -0.8974477  -0.5181417   0.0844325), wk =   0.0937500
        k(    3) = (   1.7948954   1.0362833  -0.1688650), wk =   0.0468750
        k(    4) = (  -0.8974477   0.5181417   0.1688650), wk =   0.0937500
        k(    5) = (   1.7948954   2.0725667  -0.0844325), wk =   0.1875000
        k(    6) = (   0.8974477   1.5544250   0.0000000), wk =   0.0937500
        k(    7) = (   1.7948954  -1.0362833  -0.3377299), wk =   0.0468750
        k(    8) = (   0.0000000   0.0000000   0.2532974), wk =   0.0312500
        k(    9) = (   2.6923431   1.5544250   0.0000000), wk =   0.0937500
        k(   10) = (   1.7948954   1.0362833   0.0844325), wk =   0.0937500
        k(   11) = (   2.6923431  -1.5544250  -0.2532974), wk =   0.0937500
        k(   12) = (   1.7948954  -2.0725667  -0.1688650), wk =   0.0937500
        k(   13) = (   0.0000000   0.0000000  -0.5065949), wk =   0.0156250

                       cryst. coord.
        k(    1) = (   0.0000000   0.0000000   0.0000000), wk =   0.0156250
        k(    2) = (  -0.0000000  -0.0000000   0.2500000), wk =   0.0937500
        k(    3) = (   0.0000000   0.0000000  -0.5000000), wk =   0.0468750
        k(    4) = (  -0.0000000   0.2500000   0.2500000), wk =   0.0937500
        k(    5) = (  -0.0000000   0.2500000  -0.5000000), wk =   0.1875000
        k(    6) = (  -0.0000000   0.2500000  -0.2500000), wk =   0.0937500
        k(    7) = (   0.0000000  -0.5000000  -0.5000000), wk =   0.0468750
        k(    8) = (   0.2500000   0.2500000   0.2500000), wk =   0.0312500
        k(    9) = (   0.2500000   0.2500000  -0.5000000), wk =   0.0937500
        k(   10) = (   0.2500000   0.2500000  -0.2500000), wk =   0.0937500
        k(   11) = (   0.2500000  -0.5000000  -0.5000000), wk =   0.0937500
        k(   12) = (   0.2500000  -0.5000000  -0.2500000), wk =   0.0937500
        k(   13) = (  -0.5000000  -0.5000000  -0.5000000), wk =   0.0156250

     Dense  grid:    59333 G-vectors     FFT dimensions: ( 120, 120, 120)

     Dynamical RAM for                 wfc:       0.11 MB

     Dynamical RAM for     wfc (w. buffer):       0.57 MB

     Dynamical RAM for             U proj.:       0.04 MB

     Dynamical RAM for  U proj. (w. buff.):       0.18 MB

     Dynamical RAM for           str. fact:       0.08 MB

     Dynamical RAM for           local pot:       0.00 MB

     Dynamical RAM for          nlocal pot:       0.38 MB

     Dynamical RAM for                qrad:       3.37 MB

     Dynamical RAM for          rho,v,vnew:       2.81 MB

     Dynamical RAM for               rhoin:       0.94 MB

     Dynamical RAM for            rho*nmix:       0.91 MB

     Dynamical RAM for           G-vectors:       0.12 MB

     Dynamical RAM for          h,s,v(r/c):       0.19 MB

     Dynamical RAM for          <psi|beta>:       0.05 MB

     Dynamical RAM for                 psi:       0.23 MB

     Dynamical RAM for                hpsi:       0.23 MB

     Dynamical RAM for      wfcinit/wfcrot:       0.25 MB

     Estimated static dynamical RAM per process >      11.20 MB

     Estimated max dynamical RAM per process >      12.80 MB

     Estimated total dynamical RAM >       3.00 GB

     Check: negative core charge=   -0.000024
     Generating pointlists ...
     new r_m :   0.0799 (alat units)  2.1438 (a.u.) for type    1
     new r_m :   0.0799 (alat units)  2.1438 (a.u.) for type    2
     new r_m :   0.0799 (alat units)  2.1438 (a.u.) for type    3

     Initial potential from superposition of free atoms

     starting charge      63.9993, renormalised to      64.0000

     HUBBARD ENERGY =    0.5282  (Ry)

     STARTING HUBBARD OCCUPATIONS:

     =================== HUBBARD OCCUPATIONS ===================
     ------------------------ ATOM    1 ------------------------
     Tr[ns(  1)] (up, down, total) =   5.00000  3.00000  8.00000
     Atomic magnetic moment for atom   1 =   2.00000
     SPIN  1
     eigenvalues:
       1.000  1.000  1.000  1.000  1.000
     eigenvectors (columns):
       1.000  0.000  0.000  0.000  0.000
       0.000  1.000  0.000  0.000  0.000
       0.000  0.000  1.000  0.000  0.000
       0.000  0.000  0.000  1.000  0.000
       0.000  0.000  0.000  0.000  1.000
     occupation matrix ns (before diag.):
       1.000  0.000  0.000  0.000  0.000
       0.000  1.000  0.000  0.000  0.000
       0.000  0.000  1.000  0.000  0.000
       0.000  0.000  0.000  1.000  0.000
       0.000  0.000  0.000  0.000  1.000
     SPIN  2
     eigenvalues:
       0.600  0.600  0.600  0.600  0.600
     eigenvectors (columns):
       1.000  0.000  0.000  0.000  0.000
       0.000  1.000  0.000  0.000  0.000
       0.000  0.000  1.000  0.000  0.000
       0.000  0.000  0.000  1.000  0.000
       0.000  0.000  0.000  0.000  1.000
     occupation matrix ns (before diag.):
       0.600  0.000  0.000  0.000  0.000
       0.000  0.600  0.000  0.000  0.000
       0.000  0.000  0.600  0.000  0.000
       0.000  0.000  0.000  0.600  0.000
       0.000  0.000  0.000  0.000  0.600
     ------------------------ ATOM    2 ------------------------
     Tr[ns(  2)] (up, down, total) =   3.00000  5.00000  8.00000
     Atomic magnetic moment for atom   2 =  -2.00000
     SPIN  1
     eigenvalues:
       0.600  0.600  0.600  0.600  0.600
     eigenvectors (columns):
       1.000  0.000  0.000  0.000  0.000
       0.000  1.000  0.000  0.000  0.000
       0.000  0.000  1.000  0.000  0.000
       0.000  0.000  0.000  1.000  0.000
       0.000  0.000  0.000  0.000  1.000
     occupation matrix ns (before diag.):
       0.600  0.000  0.000  0.000  0.000
       0.000  0.600  0.000  0.000  0.000
       0.000  0.000  0.600  0.000  0.000
       0.000  0.000  0.000  0.600  0.000
       0.000  0.000  0.000  0.000  0.600
     SPIN  2
     eigenvalues:
       1.000  1.000  1.000  1.000  1.000
     eigenvectors (columns):
       1.000  0.000  0.000  0.000  0.000
       0.000  1.000  0.000  0.000  0.000
       0.000  0.000  1.000  0.000  0.000
       0.000  0.000  0.000  1.000  0.000
       0.000  0.000  0.000  0.000  1.000
     occupation matrix ns (before diag.):
       1.000  0.000  0.000  0.000  0.000
       0.000  1.000  0.000  0.000  0.000
       0.000  0.000  1.000  0.000  0.000
       0.000  0.000  0.000  1.000  0.000
       0.000  0.000  0.000  0.000  1.000

     Number of occupied Hubbard levels =   16.0000

     Atomic wfc used for Hubbard projectors are orthogonalized

     Starting wfcs are   36 randomized atomic wfcs

     total cpu time spent up to now is       20.2 secs

     per-process dynamical memory:    70.3 Mb

     Self-consistent Calculation

     iteration #  1     ecut=    49.00 Ry     beta= 0.20
     Davidson diagonalization with overlap

---- Real-time Memory Report at c_bands before calling an iterative solver
            93 MiB given to the printing process from OS
            68 MiB allocation reported by mallinfo(arena+hblkhd)
        239719 MiB available memory on the node where the printing process lives
------------------
     ethr =  1.00E-02,  avg # of iterations =  3.3

     =================== HUBBARD OCCUPATIONS ===================
     ------------------------ ATOM    1 ------------------------
     Tr[ns(  1)] (up, down, total) =   4.98877  1.94535  6.93412
     Atomic magnetic moment for atom   1 =   3.04342
     SPIN  1
     eigenvalues:
       0.998  0.998  0.998  0.998  0.998
     eigenvectors (columns):
      -0.000 -0.000  0.000  0.000 -1.000
      -0.042 -0.776 -0.383  0.499 -0.000
      -0.776  0.042 -0.499 -0.383 -0.000
       0.628 -0.034 -0.617 -0.473 -0.000
       0.034  0.628 -0.473  0.617 -0.000
     occupation matrix ns (before diag.):
       0.998  0.000  0.000  0.000  0.000
       0.000  0.998  0.000 -0.000  0.000
       0.000  0.000  0.998  0.000  0.000
       0.000 -0.000  0.000  0.998 -0.000
       0.000  0.000  0.000 -0.000  0.998
     SPIN  2
     eigenvalues:
       0.121  0.121  0.536  0.536  0.632
     eigenvectors (columns):
      -0.000  0.000 -0.000 -0.000  1.000
      -0.818 -0.167  0.334 -0.437  0.000
      -0.167  0.818  0.437  0.334  0.000
       0.110 -0.539  0.664  0.507  0.000
       0.539  0.110  0.507 -0.664  0.000
     occupation matrix ns (before diag.):
       0.632  0.000  0.000  0.000  0.000
       0.000  0.247  0.000 -0.000  0.190
       0.000  0.000  0.247  0.190  0.000
       0.000 -0.000  0.190  0.410 -0.000
       0.000  0.190  0.000 -0.000  0.410
     ------------------------ ATOM    2 ------------------------
     Tr[ns(  2)] (up, down, total) =   1.96915  4.98907  6.95822
     Atomic magnetic moment for atom   2 =  -3.01993
     SPIN  1
     eigenvalues:
       0.126  0.126  0.539  0.539  0.638
     eigenvectors (columns):
      -0.000  0.000 -0.000 -0.000  1.000
      -0.822 -0.173  0.329 -0.432  0.000
      -0.173  0.822  0.432  0.329  0.000
       0.112 -0.532  0.668  0.509  0.000
       0.532  0.112  0.509 -0.668  0.000
     occupation matrix ns (before diag.):
       0.638  0.000  0.000  0.000  0.000
       0.000  0.248  0.000 -0.000  0.188
       0.000  0.000  0.248  0.188  0.000
       0.000 -0.000  0.188  0.417 -0.000
       0.000  0.188  0.000 -0.000  0.417
     SPIN  2
     eigenvalues:
       0.998  0.998  0.998  0.998  0.998
     eigenvectors (columns):
       0.000 -0.000  0.000  0.000  1.000
       0.076 -0.760 -0.401  0.505  0.000
       0.760  0.076 -0.505 -0.401  0.000
      -0.642 -0.064 -0.599 -0.475  0.000
      -0.064  0.642 -0.475  0.599  0.000
     occupation matrix ns (before diag.):
       0.998  0.000  0.000  0.000  0.000
       0.000  0.998  0.000 -0.000  0.000
       0.000  0.000  0.998  0.000  0.000
       0.000 -0.000  0.000  0.998 -0.000
       0.000  0.000  0.000 -0.000  0.998

     Number of occupied Hubbard levels =   13.8923

     HUBBARD ENERGY =    0.4212  (Ry)

     total cpu time spent up to now is       21.2 secs

     total energy              =    -767.49832635 Ry
     estimated scf accuracy    <       7.35933120 Ry

     total magnetization       =     0.00 Bohr mag/cell
     absolute magnetization    =     7.98 Bohr mag/cell

     iteration #  2     ecut=    49.00 Ry     beta= 0.20
     Davidson diagonalization with overlap

---- Real-time Memory Report at c_bands before calling an iterative solver
           108 MiB given to the printing process from OS
            71 MiB allocation reported by mallinfo(arena+hblkhd)
        238972 MiB available memory on the node where the printing process lives
------------------
     ethr =  1.00E-02,  avg # of iterations =  2.0

     =================== HUBBARD OCCUPATIONS ===================
     ------------------------ ATOM    1 ------------------------
     Tr[ns(  1)] (up, down, total) =   4.99234  2.18887  7.18120
     Atomic magnetic moment for atom   1 =   2.80347
     SPIN  1
     eigenvalues:
       0.998  0.998  0.998  0.999  0.999
     eigenvectors (columns):
       0.000  0.000 -1.000  0.000 -0.000
      -0.586  0.626  0.000  0.279  0.432
       0.626  0.586  0.000  0.432 -0.279
      -0.375 -0.351  0.000  0.721 -0.465
       0.351 -0.375  0.000  0.465  0.721
     occupation matrix ns (before diag.):
       0.998  0.000  0.000  0.000  0.000
       0.000  0.998  0.000 -0.000  0.000
       0.000  0.000  0.998  0.000  0.000
       0.000 -0.000  0.000  0.999 -0.000
       0.000  0.000  0.000 -0.000  0.999
     SPIN  2
     eigenvalues:
       0.137  0.137  0.597  0.597  0.721
     eigenvectors (columns):
      -0.000  0.000 -0.000 -0.000  1.000
      -0.801 -0.227  0.333 -0.443  0.000
      -0.227  0.801  0.443  0.333  0.000
       0.151 -0.533  0.665  0.501  0.000
       0.533  0.151  0.501 -0.665  0.000
     occupation matrix ns (before diag.):
       0.721  0.000  0.000  0.000  0.000
       0.000  0.278  0.000 -0.000  0.212
       0.000  0.000  0.278  0.212  0.000
       0.000 -0.000  0.212  0.456 -0.000
       0.000  0.212  0.000 -0.000  0.456
     ------------------------ ATOM    2 ------------------------
     Tr[ns(  2)] (up, down, total) =   2.19976  4.99253  7.19229
     Atomic magnetic moment for atom   2 =  -2.79277
     SPIN  1
     eigenvalues:
       0.137  0.137  0.599  0.599  0.728
     eigenvectors (columns):
       0.000 -0.000 -0.000 -0.000  1.000
       0.809  0.212  0.330 -0.439  0.000
       0.212 -0.809  0.439  0.330  0.000
      -0.139  0.531  0.668  0.502  0.000
      -0.531 -0.139  0.502 -0.668  0.000
     occupation matrix ns (before diag.):
       0.728  0.000  0.000  0.000  0.000
       0.000  0.276  0.000 -0.000  0.212
       0.000  0.000  0.276  0.212  0.000
       0.000 -0.000  0.212  0.460 -0.000
       0.000  0.212  0.000 -0.000  0.460
     SPIN  2
     eigenvalues:
       0.998  0.998  0.998  0.999  0.999
     eigenvectors (columns):
       0.000  0.000 -1.000  0.000 -0.000
      -0.558  0.647  0.000  0.283  0.436
       0.647  0.558  0.000  0.436 -0.283
      -0.394 -0.340  0.000  0.716 -0.465
       0.340 -0.394  0.000  0.465  0.716
     occupation matrix ns (before diag.):
       0.998  0.000  0.000  0.000  0.000
       0.000  0.998  0.000 -0.000  0.000
       0.000  0.000  0.998  0.000  0.000
       0.000 -0.000  0.000  0.999 -0.000
       0.000  0.000  0.000 -0.000  0.999

     Number of occupied Hubbard levels =   14.3735

     HUBBARD ENERGY =    0.4169  (Ry)

     total cpu time spent up to now is       21.7 secs

     total energy              =    -768.21335600 Ry
     estimated scf accuracy    <       3.48948312 Ry

     total magnetization       =     0.00 Bohr mag/cell
     absolute magnetization    =     7.86 Bohr mag/cell

     iteration #  3     ecut=    49.00 Ry     beta= 0.20
     Davidson diagonalization with overlap

---- Real-time Memory Report at c_bands before calling an iterative solver
           109 MiB given to the printing process from OS
            71 MiB allocation reported by mallinfo(arena+hblkhd)
        238973 MiB available memory on the node where the printing process lives
------------------
     ethr =  5.45E-03,  avg # of iterations =  8.3

     =================== HUBBARD OCCUPATIONS ===================
     ------------------------ ATOM    1 ------------------------
     Tr[ns(  1)] (up, down, total) =   4.98445  4.56396  9.54840
     Atomic magnetic moment for atom   1 =   0.42049
     SPIN  1
     eigenvalues:
       0.997  0.997  0.997  0.997  0.997
     eigenvectors (columns):
      -1.000  0.000 -0.000  0.000  0.000
       0.000  0.382  0.498 -0.039 -0.777
       0.000  0.498 -0.382 -0.777  0.039
       0.000  0.618 -0.473  0.627 -0.032
       0.000  0.473  0.618  0.032  0.627
     occupation matrix ns (before diag.):
       0.997  0.000  0.000  0.000  0.000
       0.000  0.997  0.000 -0.000 -0.000
       0.000  0.000  0.997 -0.000  0.000
       0.000 -0.000 -0.000  0.997 -0.000
       0.000 -0.000  0.000 -0.000  0.997
     SPIN  2
     eigenvalues:
       0.849  0.849  0.937  0.937  0.993
     eigenvectors (columns):
       0.000 -0.000 -0.000  0.000  1.000
       0.152 -0.464  0.844  0.221  0.000
       0.464  0.152  0.221 -0.844  0.000
      -0.829 -0.271  0.124 -0.473  0.000
      -0.271  0.829  0.473  0.124  0.000
     occupation matrix ns (before diag.):
       0.993  0.000  0.000  0.000  0.000
       0.000  0.916  0.000 -0.000  0.037
       0.000  0.000  0.916  0.037  0.000
       0.000 -0.000  0.037  0.870 -0.000
       0.000  0.037  0.000 -0.000  0.870
     ------------------------ ATOM    2 ------------------------
     Tr[ns(  2)] (up, down, total) =   4.57207  4.98406  9.55613
     Atomic magnetic moment for atom   2 =  -0.41199
     SPIN  1
     eigenvalues:
       0.844  0.844  0.944  0.944  0.996
     eigenvectors (columns):
       0.000 -0.000 -0.000  0.000  1.000
       0.154 -0.639  0.562  0.502  0.000
       0.639  0.154  0.502 -0.562  0.000
      -0.732 -0.177  0.438 -0.490  0.000
      -0.177  0.732  0.490  0.438  0.000
     occupation matrix ns (before diag.):
       0.996  0.000  0.000  0.000  0.000
       0.000  0.901  0.000 -0.000  0.049
       0.000  0.000  0.901  0.049  0.000
       0.000 -0.000  0.049  0.887 -0.000
       0.000  0.049  0.000 -0.000  0.887
     SPIN  2
     eigenvalues:
       0.997  0.997  0.997  0.997  0.997
     eigenvectors (columns):
      -0.000 -0.000 -1.000  0.000 -0.000
       0.952  0.301 -0.000  0.022  0.046
      -0.301  0.952 -0.000  0.046 -0.022
       0.015 -0.049  0.000  0.905 -0.423
      -0.049 -0.015  0.000  0.423  0.905
     occupation matrix ns (before diag.):
       0.997  0.000  0.000  0.000  0.000
       0.000  0.997  0.000 -0.000  0.000
       0.000  0.000  0.997  0.000  0.000
       0.000 -0.000  0.000  0.997 -0.000
       0.000  0.000  0.000 -0.000  0.997

     Number of occupied Hubbard levels =   19.1045

     HUBBARD ENERGY =    0.3607  (Ry)

     total cpu time spent up to now is       22.6 secs

     total energy              =    -772.39144193 Ry
     estimated scf accuracy    <       9.30312880 Ry

     total magnetization       =     0.00 Bohr mag/cell
     absolute magnetization    =     2.86 Bohr mag/cell

     iteration #  4     ecut=    49.00 Ry     beta= 0.20
     Davidson diagonalization with overlap

---- Real-time Memory Report at c_bands before calling an iterative solver
           111 MiB given to the printing process from OS
            71 MiB allocation reported by mallinfo(arena+hblkhd)
        238943 MiB available memory on the node where the printing process lives
------------------
     ethr =  5.45E-03,  avg # of iterations =  3.3

     =================== HUBBARD OCCUPATIONS ===================
     ------------------------ ATOM    1 ------------------------
     Tr[ns(  1)] (up, down, total) =   4.96052  4.92118  9.88170
     Atomic magnetic moment for atom   1 =   0.03934
     SPIN  1
     eigenvalues:
       0.991  0.991  0.991  0.993  0.993
     eigenvectors (columns):
       1.000 -0.000 -0.000 -0.000 -0.000
      -0.000 -0.380  0.498  0.034  0.779
      -0.000 -0.498 -0.380  0.779 -0.034
      -0.000 -0.620 -0.473 -0.625  0.028
      -0.000 -0.473  0.620 -0.028 -0.625
     occupation matrix ns (before diag.):
       0.991  0.000  0.000  0.000  0.000
       0.000  0.993  0.000 -0.000 -0.001
       0.000  0.000  0.993 -0.001  0.000
       0.000 -0.000 -0.001  0.992 -0.000
       0.000 -0.001  0.000 -0.000  0.992
     SPIN  2
     eigenvalues:
       0.971  0.971  0.991  0.991  0.997
     eigenvectors (columns):
       0.000  0.000 -0.000 -0.000 -1.000
       0.021 -0.047  0.965  0.259 -0.000
       0.047  0.021 -0.259  0.965 -0.000
      -0.914 -0.402 -0.013  0.049 -0.000
      -0.402  0.914  0.049  0.013 -0.000
     occupation matrix ns (before diag.):
       0.997  0.000  0.000  0.000  0.000
       0.000  0.991  0.000 -0.000  0.001
       0.000  0.000  0.991  0.001  0.000
       0.000 -0.000  0.001  0.971 -0.000
       0.000  0.001  0.000 -0.000  0.971
     ------------------------ ATOM    2 ------------------------
     Tr[ns(  2)] (up, down, total) =   4.95177  4.96208  9.91385
     Atomic magnetic moment for atom   2 =  -0.01031
     SPIN  1
     eigenvalues:
       0.980  0.980  0.997  0.997  0.997
     eigenvectors (columns):
      -0.000 -0.000 -1.000 -0.000 -0.000
       0.276 -0.779  0.000 -0.319  0.464
      -0.779 -0.276  0.000 -0.464 -0.319
       0.531  0.188  0.000 -0.681 -0.468
      -0.188  0.531  0.000 -0.468  0.681
     occupation matrix ns (before diag.):
       0.997  0.000  0.000  0.000  0.000
       0.000  0.986  0.000 -0.000  0.008
       0.000  0.000  0.986  0.008  0.000
       0.000 -0.000  0.008  0.992 -0.000
       0.000  0.008  0.000 -0.000  0.992
     SPIN  2
     eigenvalues:
       0.992  0.992  0.992  0.994  0.994
     eigenvectors (columns):
      -1.000  0.000 -0.000  0.000  0.000
       0.000  0.386  0.500 -0.049 -0.773
       0.000  0.500 -0.386 -0.773  0.049
       0.000  0.613 -0.474  0.631 -0.040
       0.000  0.474  0.613  0.040  0.631
     occupation matrix ns (before diag.):
       0.992  0.000  0.000  0.000  0.000
       0.000  0.993  0.000 -0.000 -0.001
       0.000  0.000  0.993 -0.001  0.000
       0.000 -0.000 -0.001  0.992 -0.000
       0.000 -0.001  0.000 -0.000  0.992

     Number of occupied Hubbard levels =   19.7956

     HUBBARD ENERGY =    0.4369  (Ry)

     total cpu time spent up to now is       23.3 secs

     total energy              =    -771.66039205 Ry
     estimated scf accuracy    <      20.51031534 Ry

     total magnetization       =     0.00 Bohr mag/cell
     absolute magnetization    =     2.18 Bohr mag/cell

     iteration #  5     ecut=    49.00 Ry     beta= 0.20
     Davidson diagonalization with overlap

---- Real-time Memory Report at c_bands before calling an iterative solver
           111 MiB given to the printing process from OS
            71 MiB allocation reported by mallinfo(arena+hblkhd)
        238945 MiB available memory on the node where the printing process lives
------------------
     ethr =  5.45E-03,  avg # of iterations =  1.9

     =================== HUBBARD OCCUPATIONS ===================
     ------------------------ ATOM    1 ------------------------
     Tr[ns(  1)] (up, down, total) =   4.98251  4.92230  9.90481
     Atomic magnetic moment for atom   1 =   0.06021
     SPIN  1
     eigenvalues:
       0.996  0.996  0.996  0.997  0.997
     eigenvectors (columns):
       1.000 -0.000 -0.000 -0.000 -0.000
      -0.000 -0.376  0.496  0.024  0.782
      -0.000 -0.496 -0.376  0.782 -0.024
      -0.000 -0.624 -0.473 -0.622  0.019
      -0.000 -0.473  0.624 -0.019 -0.622
     occupation matrix ns (before diag.):
       0.996  0.000  0.000  0.000  0.000
       0.000  0.997  0.000 -0.000 -0.000
       0.000  0.000  0.997 -0.000  0.000
       0.000 -0.000 -0.000  0.997 -0.000
       0.000 -0.000  0.000 -0.000  0.997
     SPIN  2
     eigenvalues:
       0.971  0.971  0.991  0.991  0.999
     eigenvectors (columns):
       0.000 -0.000 -0.000 -0.000 -1.000
       0.057 -0.137  0.967  0.208 -0.000
       0.137  0.057 -0.208  0.967 -0.000
      -0.912 -0.382 -0.031  0.145 -0.000
      -0.382  0.912  0.145  0.031 -0.000
     occupation matrix ns (before diag.):
       0.999  0.000  0.000  0.000  0.000
       0.000  0.990  0.000 -0.000  0.003
       0.000  0.000  0.990  0.003  0.000
       0.000 -0.000  0.003  0.972 -0.000
       0.000  0.003  0.000 -0.000  0.972
     ------------------------ ATOM    2 ------------------------
     Tr[ns(  2)] (up, down, total) =   4.94086  4.98208  9.92295
     Atomic magnetic moment for atom   2 =  -0.04122
     SPIN  1
     eigenvalues:
       0.973  0.973  0.999  0.999  0.999
     eigenvectors (columns):
       0.000  0.000 -0.000  0.000  1.000
      -0.228  0.789  0.325  0.469  0.000
       0.789  0.228  0.469 -0.325  0.000
      -0.548 -0.158  0.675 -0.468  0.000
       0.158 -0.548  0.468  0.675  0.000
     occupation matrix ns (before diag.):
       0.999  0.000  0.000  0.000  0.000
       0.000  0.981  0.000 -0.000  0.012
       0.000  0.000  0.981  0.012  0.000
       0.000 -0.000  0.012  0.990 -0.000
       0.000  0.012  0.000 -0.000  0.990
     SPIN  2
     eigenvalues:
       0.996  0.996  0.996  0.996  0.996
     eigenvectors (columns):
      -0.000 -0.000 -0.000  0.000  1.000
       0.775  0.464  0.219  0.369  0.000
      -0.464  0.775  0.369 -0.219  0.000
       0.220 -0.368  0.777 -0.460  0.000
      -0.368 -0.220  0.460  0.777  0.000
     occupation matrix ns (before diag.):
       0.996  0.000  0.000  0.000  0.000
       0.000  0.996  0.000 -0.000  0.000
       0.000  0.000  0.996  0.000  0.000
       0.000 -0.000  0.000  0.996 -0.000
       0.000  0.000  0.000 -0.000  0.996

     Number of occupied Hubbard levels =   19.8278

     HUBBARD ENERGY =    0.3571  (Ry)

     total cpu time spent up to now is       23.9 secs

     total energy              =    -768.64249978 Ry
     estimated scf accuracy    <      13.72128535 Ry

     total magnetization       =     0.00 Bohr mag/cell
     absolute magnetization    =     2.14 Bohr mag/cell

     iteration #  6     ecut=    49.00 Ry     beta= 0.20
     Davidson diagonalization with overlap

---- Real-time Memory Report at c_bands before calling an iterative solver
           112 MiB given to the printing process from OS
            71 MiB allocation reported by mallinfo(arena+hblkhd)
        238932 MiB available memory on the node where the printing process lives
------------------
     ethr =  5.45E-03,  avg # of iterations =  5.3

     =================== HUBBARD OCCUPATIONS ===================
     ------------------------ ATOM    1 ------------------------
     Tr[ns(  1)] (up, down, total) =   4.94299  3.42922  8.37222
     Atomic magnetic moment for atom   1 =   1.51377
     SPIN  1
     eigenvalues:
       0.987  0.988  0.988  0.989  0.989
     eigenvectors (columns):
       1.000 -0.000 -0.000  0.000 -0.000
      -0.000 -0.298  0.448  0.457  0.708
      -0.000 -0.448 -0.298 -0.708  0.457
      -0.000 -0.702 -0.466  0.452 -0.292
      -0.000 -0.466  0.702 -0.292 -0.452
     occupation matrix ns (before diag.):
       0.987  0.000  0.000  0.000  0.000
       0.000  0.989  0.000 -0.000 -0.000
       0.000  0.000  0.989 -0.000  0.000
       0.000 -0.000 -0.000  0.989 -0.000
       0.000 -0.000  0.000 -0.000  0.989
     SPIN  2
     eigenvalues:
       0.279  0.279  0.949  0.949  0.974
     eigenvectors (columns):
      -0.000  0.000 -0.000  0.000  1.000
      -0.127  0.768  0.382  0.498  0.000
      -0.768 -0.127  0.498 -0.382  0.000
       0.619  0.103  0.618 -0.474  0.000
       0.103 -0.619  0.474  0.618  0.000
     occupation matrix ns (before diag.):
       0.974  0.000  0.000  0.000  0.000
       0.000  0.543  0.000 -0.000  0.327
       0.000  0.000  0.543  0.327  0.000
       0.000 -0.000  0.327  0.685 -0.000
       0.000  0.327  0.000 -0.000  0.685
     ------------------------ ATOM    2 ------------------------
     Tr[ns(  2)] (up, down, total) =   3.60206  4.95785  8.55991
     Atomic magnetic moment for atom   2 =  -1.35579
     SPIN  1
     eigenvalues:
       0.337  0.337  0.975  0.975  0.978
     eigenvectors (columns):
       0.000 -0.000  0.000  0.000  1.000
       0.093 -0.787 -0.364  0.489  0.000
       0.787  0.093 -0.489 -0.364  0.000
      -0.605 -0.071 -0.636 -0.474  0.000
      -0.071  0.605 -0.474  0.636  0.000
     occupation matrix ns (before diag.):
       0.978  0.000  0.000  0.000  0.000
       0.000  0.574  0.000 -0.000  0.308
       0.000  0.000  0.574  0.308  0.000
       0.000 -0.000  0.308  0.738 -0.000
       0.000  0.308  0.000 -0.000  0.738
     SPIN  2
     eigenvalues:
       0.990  0.991  0.991  0.993  0.993
     eigenvectors (columns):
       1.000  0.000  0.000  0.000  0.000
      -0.000  0.374 -0.495 -0.016 -0.785
      -0.000  0.495  0.374 -0.785  0.016
      -0.000  0.626  0.473  0.620 -0.012
      -0.000  0.473 -0.626  0.012  0.620
     occupation matrix ns (before diag.):
       0.990  0.000  0.000  0.000  0.000
       0.000  0.992  0.000 -0.000 -0.001
       0.000  0.000  0.992 -0.001  0.000
       0.000 -0.000 -0.001  0.992 -0.000
       0.000 -0.001  0.000 -0.000  0.992

     Number of occupied Hubbard levels =   16.9321

     HUBBARD ENERGY =    0.3440  (Ry)

     total cpu time spent up to now is       24.7 secs

     total energy              =    -770.41943389 Ry
     estimated scf accuracy    <       0.42824621 Ry

     total magnetization       =     0.00 Bohr mag/cell
     absolute magnetization    =     4.07 Bohr mag/cell

     iteration #  7     ecut=    49.00 Ry     beta= 0.20
     Davidson diagonalization with overlap

---- Real-time Memory Report at c_bands before calling an iterative solver
