
     Program PWSCF v.7.5 starts on  5Mar2026 at 18:31:56 
        Git branch: HEAD
        Last git commit: 770a0b2d12928a67048e2f3da8d10d057e52179e
        Last git commit date: Tue Aug 19 09:57:12 2025 +0000
        Last git commit subject: Merge branch 'QE-7.5-RC' into 'master'

     This program is part of the open-source Quantum ESPRESSO suite
     for quantum simulation of materials; please cite
         "P. Giannozzi et al., J. Phys.:Condens. Matter 21 395502 (2009);
         "P. Giannozzi et al., J. Phys.:Condens. Matter 29 465901 (2017);
         "P. Giannozzi et al., J. Chem. Phys. 152 154105 (2020);
          URL http://www.quantum-espresso.org", 
     in publications or presentations arising from this work. More details at
     http://www.quantum-espresso.org/quote

     Parallel version (MPI), running on   256 processors

     MPI processes distributed on     8 nodes
     240273 MiB available memory on the printing compute node when the environment starts

     Waiting for input...
     Reading input from standard input

     Current dimensions of program PWSCF are:
     Max number of different atomic species (ntypx) = 10
     Max number of k-points (npk) =  40000
     Max angular momentum in pseudopotentials (lmaxx) =  4

     K-points division:     npool     =       8
     R & G space division:  proc/nbgrp/npool/nimage =      32
     Subspace diagonalization in iterative solution of the eigenvalue problem:
     a serial algorithm will be used


     Parallelization info
     --------------------
     sticks:   dense  smooth     PW     G-vecs:    dense   smooth      PW
     Min          96      96     29                 1853     1853     311
     Max          97      97     30                 1855     1855     313
     Sum        3099    3099    945                59333    59333    9983

     Using Slab Decomposition



     bravais-lattice index     =            5
     lattice parameter (alat)  =      26.8360  a.u.
     unit-cell volume          =    1281.9023 (a.u.)^3
     number of atoms/cell      =            6
     number of atomic types    =            3
     number of electrons       =        64.00 (up:  32.00, down:  32.00)
     number of Kohn-Sham states=           32
     kinetic-energy cutoff     =      49.0000  Ry
     charge density cutoff     =     196.0000  Ry
     scf convergence threshold =      1.0E-10
     mixing beta               =       0.2000
     number of iterations used =            8  plain     mixing
     Exchange-correlation= PBESOL
                           (   1   4  10   8   0   0   0)
     Hubbard projectors: ortho-atomic
     Hubbard parameters of DFT+U (Dudarev formulation) in eV:
     U(Ni1-3d) =  5.5187
     U(Ni2-3d) =  5.5187

     Internal variables: lda_plus_u =T, lda_plus_u_kind = 0

     Internal variables: orbital_resolved =F, hub_pot_fix =F, apply_U = F

     celldm(1)=  26.836001  celldm(2)=   0.000000  celldm(3)=   0.000000
     celldm(4)=   0.961200  celldm(5)=   0.000000  celldm(6)=   0.000000

     crystal axes: (cart. coord. in units of alat)
               a(1) = (   0.139284  -0.080416   0.986982 )  
               a(2) = (   0.000000   0.160831   0.986982 )  
               a(3) = (  -0.139284  -0.080416   0.986982 )  

     reciprocal axes: (cart. coord. in units 2 pi/alat)
               b(1) = (  3.589791 -2.072567  0.337730 )  
               b(2) = (  0.000000  4.145133  0.337730 )  
               b(3) = ( -3.589791 -2.072567  0.337730 )  


     PseudoPot. # 1 for Ni read from file:
     ./Pseudos/Ni_pbesol.upf
     MD5 check sum: 3ec56ad6bf78c9cc1bbec815420e1c7d
     Pseudo is Norm-conserving + core correction, Zval = 18.0
     Generated using ONCVPSP code by D. R. Hamann
     Using radial grid of 1356 points,  6 beta functions with: 
                l(1) =   0
                l(2) =   0
                l(3) =   1
                l(4) =   1
                l(5) =   2
                l(6) =   2

     PseudoPot. # 2 for Ni read from file:
     ./Pseudos/Ni_pbesol.upf
     MD5 check sum: 3ec56ad6bf78c9cc1bbec815420e1c7d
     Pseudo is Norm-conserving + core correction, Zval = 18.0
     Generated using ONCVPSP code by D. R. Hamann
     Using radial grid of 1356 points,  6 beta functions with: 
                l(1) =   0
                l(2) =   0
                l(3) =   1
                l(4) =   1
                l(5) =   2
                l(6) =   2

     PseudoPot. # 3 for I  read from file:
     ./Pseudos/I_pbesol.upf
     MD5 check sum: 80ed5ceb2eb9c553cfb6760a299d9c5b
     Pseudo is Norm-conserving + core correction, Zval =  7.0
     Generated using ONCVPSP code by D. R. Hamann
     Using radial grid of 1182 points,  6 beta functions with: 
                l(1) =   0
                l(2) =   0
                l(3) =   1
                l(4) =   1
                l(5) =   2
                l(6) =   2

     atomic species   valence    mass     pseudopotential
     Ni1              18.00    58.69340     Ni( 1.00)
     Ni2              18.00    58.69340     Ni( 1.00)
     I                 7.00   126.90447     I ( 1.00)

     Starting magnetic structure 
     atomic species   magnetization
     Ni1             0.600
     Ni2            -0.600
     I               0.000

     12 Sym. Ops., with inversion, found


                                    s                        frac. trans.

      isym =  1     identity                                     

 cryst.   s( 1) = (     1          0          0      )
                  (     0          1          0      )
                  (     0          0          1      )

 cart.    s( 1) = (  1.0000000  0.0000000  0.0000000 )
                  (  0.0000000  1.0000000  0.0000000 )
                  ( -0.0000000 -0.0000000  1.0000000 )


      isym =  2     180 deg rotation - cart. axis [1,0,0]        

 cryst.   s( 2) = (     0          0         -1      )
                  (     0         -1          0      )
                  (    -1          0          0      )

 cart.    s( 2) = (  1.0000000 -0.0000000 -0.0000000 )
                  (  0.0000000 -1.0000000 -0.0000000 )
                  ( -0.0000000  0.0000000 -1.0000000 )


      isym =  3     120 deg rotation - cryst. axis [0,0,1]       

 cryst.   s( 3) = (     0          1          0      )
                  (     0          0          1      )
                  (     1          0          0      )

 cart.    s( 3) = ( -0.5000000 -0.8660254 -0.0000000 )
                  (  0.8660254 -0.5000000 -0.0000000 )
                  (  0.0000000  0.0000000  1.0000000 )


      isym =  4     120 deg rotation - cryst. axis [0,0,-1]      

 cryst.   s( 4) = (     0          0          1      )
                  (     1          0          0      )
                  (     0          1          0      )

 cart.    s( 4) = ( -0.5000000  0.8660254  0.0000000 )
                  ( -0.8660254 -0.5000000 -0.0000000 )
                  (  0.0000000 -0.0000000  1.0000000 )


      isym =  5     180 deg rotation - cryst. axis [0,1,0]       

 cryst.   s( 5) = (     0         -1          0      )
                  (    -1          0          0      )
                  (     0          0         -1      )

 cart.    s( 5) = ( -0.5000000 -0.8660254 -0.0000000 )
                  ( -0.8660254  0.5000000  0.0000000 )
                  (  0.0000000  0.0000000 -1.0000000 )


      isym =  6     180 deg rotation - cryst. axis [1,1,0]       

 cryst.   s( 6) = (    -1          0          0      )
                  (     0          0         -1      )
                  (     0         -1          0      )

 cart.    s( 6) = ( -0.5000000  0.8660254  0.0000000 )
                  (  0.8660254  0.5000000  0.0000000 )
                  ( -0.0000000 -0.0000000 -1.0000000 )


      isym =  7     inversion                                    

 cryst.   s( 7) = (    -1          0          0      )
                  (     0         -1          0      )
                  (     0          0         -1      )

 cart.    s( 7) = ( -1.0000000 -0.0000000 -0.0000000 )
                  ( -0.0000000 -1.0000000 -0.0000000 )
                  (  0.0000000  0.0000000 -1.0000000 )


      isym =  8     inv. 180 deg rotation - cart. axis [1,0,0]   

 cryst.   s( 8) = (     0          0          1      )
                  (     0          1          0      )
                  (     1          0          0      )

 cart.    s( 8) = ( -1.0000000  0.0000000  0.0000000 )
                  ( -0.0000000  1.0000000  0.0000000 )
                  (  0.0000000 -0.0000000  1.0000000 )


      isym =  9     inv. 120 deg rotation - cryst. axis [0,0,1]  

 cryst.   s( 9) = (     0         -1          0      )
                  (     0          0         -1      )
                  (    -1          0          0      )

 cart.    s( 9) = (  0.5000000  0.8660254  0.0000000 )
                  ( -0.8660254  0.5000000  0.0000000 )
                  ( -0.0000000 -0.0000000 -1.0000000 )


      isym = 10     inv. 120 deg rotation - cryst. axis [0,0,-1] 

 cryst.   s(10) = (     0          0         -1      )
                  (    -1          0          0      )
                  (     0         -1          0      )

 cart.    s(10) = (  0.5000000 -0.8660254 -0.0000000 )
                  (  0.8660254  0.5000000  0.0000000 )
                  ( -0.0000000  0.0000000 -1.0000000 )


      isym = 11     inv. 180 deg rotation - cryst. axis [0,1,0]  

 cryst.   s(11) = (     0          1          0      )
                  (     1          0          0      )
                  (     0          0          1      )

 cart.    s(11) = (  0.5000000  0.8660254  0.0000000 )
                  (  0.8660254 -0.5000000 -0.0000000 )
                  ( -0.0000000 -0.0000000  1.0000000 )


      isym = 12     inv. 180 deg rotation - cryst. axis [1,1,0]  

 cryst.   s(12) = (     1          0          0      )
                  (     0          0          1      )
                  (     0          1          0      )

 cart.    s(12) = (  0.5000000 -0.8660254 -0.0000000 )
                  ( -0.8660254 -0.5000000 -0.0000000 )
                  (  0.0000000  0.0000000  1.0000000 )


     point group D_3d (-3m) 
     there are  6 classes
     the character table:

       E     2C3   3C2'  i     2S6   3s_d 
A_1g   1.00  1.00  1.00  1.00  1.00  1.00
A_2g   1.00  1.00 -1.00  1.00  1.00 -1.00
E_g    2.00 -1.00  0.00  2.00 -1.00  0.00
A_1u   1.00  1.00  1.00 -1.00 -1.00 -1.00
A_2u   1.00  1.00 -1.00 -1.00 -1.00  1.00
E_u    2.00 -1.00  0.00 -2.00  1.00  0.00

     the symmetry operations in each class and the name of the first element:

     E        1
          identity                                               
     2C3      3    4
          120 deg rotation - cryst. axis [0,0,1]                 
     3C2'     2    5    6
          180 deg rotation - cart. axis [1,0,0]                  
     i        7
          inversion                                              
     2S6      9   10
          inv. 120 deg rotation - cryst. axis [0,0,1]            
     3s_d     8   11   12
          inv. 180 deg rotation - cart. axis [1,0,0]             

   Cartesian axes

     site n.     atom                  positions (alat units)
         1        Ni1    tau(   1) = (   0.0000000   0.0000000   0.0000000  )
         2        Ni2    tau(   2) = (   0.1392839   0.0804156   0.4934910  )
         3        I      tau(   3) = (  -0.0000000  -0.0000000   0.3856062  )
         4        I      tau(   4) = (   0.1392839   0.0804156   0.8790972  )
         5        I      tau(   5) = (   0.1392839   0.0804156   0.1078847  )
         6        I      tau(   6) = (   0.1392839  -0.0804156   0.6013757  )

   Crystallographic axes

     site n.     atom                  positions (cryst. coord.)
         1        Ni1    tau(   1) = (  0.0000000  0.0000000  0.0000000  )
         2        Ni2    tau(   2) = (  0.5000000  0.5000000 -0.5000000  )
         3        I      tau(   3) = (  0.1302308  0.1302308  0.1302308  )
         4        I      tau(   4) = (  0.6302308  0.6302308 -0.3697692  )
         5        I      tau(   5) = (  0.3697692  0.3697692 -0.6302308  )
         6        I      tau(   6) = (  0.8697692 -0.1302308 -0.1302308  )

     number of k points=    13
                       cart. coord. in units 2pi/alat
        k(    1) = (   0.0000000   0.0000000   0.0000000), wk =   0.0156250
        k(    2) = (  -0.8974477  -0.5181417   0.0844325), wk =   0.0937500
        k(    3) = (   1.7948954   1.0362833  -0.1688650), wk =   0.0468750
        k(    4) = (  -0.8974477   0.5181417   0.1688650), wk =   0.0937500
        k(    5) = (   1.7948954   2.0725667  -0.0844325), wk =   0.1875000
        k(    6) = (   0.8974477   1.5544250   0.0000000), wk =   0.0937500
        k(    7) = (   1.7948954  -1.0362833  -0.3377299), wk =   0.0468750
        k(    8) = (   0.0000000   0.0000000   0.2532974), wk =   0.0312500
        k(    9) = (   2.6923431   1.5544250   0.0000000), wk =   0.0937500
        k(   10) = (   1.7948954   1.0362833   0.0844325), wk =   0.0937500
        k(   11) = (   2.6923431  -1.5544250  -0.2532974), wk =   0.0937500
        k(   12) = (   1.7948954  -2.0725667  -0.1688650), wk =   0.0937500
        k(   13) = (   0.0000000   0.0000000  -0.5065949), wk =   0.0156250

                       cryst. coord.
        k(    1) = (   0.0000000   0.0000000   0.0000000), wk =   0.0156250
        k(    2) = (  -0.0000000  -0.0000000   0.2500000), wk =   0.0937500
        k(    3) = (   0.0000000   0.0000000  -0.5000000), wk =   0.0468750
        k(    4) = (  -0.0000000   0.2500000   0.2500000), wk =   0.0937500
        k(    5) = (  -0.0000000   0.2500000  -0.5000000), wk =   0.1875000
        k(    6) = (  -0.0000000   0.2500000  -0.2500000), wk =   0.0937500
        k(    7) = (   0.0000000  -0.5000000  -0.5000000), wk =   0.0468750
        k(    8) = (   0.2500000   0.2500000   0.2500000), wk =   0.0312500
        k(    9) = (   0.2500000   0.2500000  -0.5000000), wk =   0.0937500
        k(   10) = (   0.2500000   0.2500000  -0.2500000), wk =   0.0937500
        k(   11) = (   0.2500000  -0.5000000  -0.5000000), wk =   0.0937500
        k(   12) = (   0.2500000  -0.5000000  -0.2500000), wk =   0.0937500
        k(   13) = (  -0.5000000  -0.5000000  -0.5000000), wk =   0.0156250

     Dense  grid:    59333 G-vectors     FFT dimensions: ( 120, 120, 120)

     Dynamical RAM for                 wfc:       0.11 MB

     Dynamical RAM for     wfc (w. buffer):       0.57 MB

     Dynamical RAM for             U proj.:       0.04 MB

     Dynamical RAM for  U proj. (w. buff.):       0.18 MB

     Dynamical RAM for           str. fact:       0.08 MB

     Dynamical RAM for           local pot:       0.00 MB

     Dynamical RAM for          nlocal pot:       0.38 MB

     Dynamical RAM for                qrad:       3.37 MB

     Dynamical RAM for          rho,v,vnew:       2.81 MB

     Dynamical RAM for               rhoin:       0.94 MB

     Dynamical RAM for            rho*nmix:       0.91 MB

     Dynamical RAM for           G-vectors:       0.12 MB

     Dynamical RAM for          h,s,v(r/c):       0.19 MB

     Dynamical RAM for          <psi|beta>:       0.05 MB

     Dynamical RAM for                 psi:       0.23 MB

     Dynamical RAM for                hpsi:       0.23 MB

     Dynamical RAM for      wfcinit/wfcrot:       0.25 MB

     Estimated static dynamical RAM per process >      11.20 MB

     Estimated max dynamical RAM per process >      12.80 MB

     Estimated total dynamical RAM >       3.00 GB

     Check: negative core charge=   -0.000024
     Generating pointlists ...
     new r_m :   0.0799 (alat units)  2.1438 (a.u.) for type    1
     new r_m :   0.0799 (alat units)  2.1438 (a.u.) for type    2
     new r_m :   0.0799 (alat units)  2.1438 (a.u.) for type    3

     Initial potential from superposition of free atoms

     starting charge      63.9993, renormalised to      64.0000

     HUBBARD ENERGY =    0.4867  (Ry)

     STARTING HUBBARD OCCUPATIONS:

     =================== HUBBARD OCCUPATIONS ===================
     ------------------------ ATOM    1 ------------------------
     Tr[ns(  1)] (up, down, total) =   5.00000  3.00000  8.00000
     Atomic magnetic moment for atom   1 =   2.00000
     SPIN  1
     eigenvalues:
       1.000  1.000  1.000  1.000  1.000
     eigenvectors (columns):
       1.000  0.000  0.000  0.000  0.000
       0.000  1.000  0.000  0.000  0.000
       0.000  0.000  1.000  0.000  0.000
       0.000  0.000  0.000  1.000  0.000
       0.000  0.000  0.000  0.000  1.000
     occupation matrix ns (before diag.):
       1.000  0.000  0.000  0.000  0.000
       0.000  1.000  0.000  0.000  0.000
       0.000  0.000  1.000  0.000  0.000
       0.000  0.000  0.000  1.000  0.000
       0.000  0.000  0.000  0.000  1.000
     SPIN  2
     eigenvalues:
       0.600  0.600  0.600  0.600  0.600
     eigenvectors (columns):
       1.000  0.000  0.000  0.000  0.000
       0.000  1.000  0.000  0.000  0.000
       0.000  0.000  1.000  0.000  0.000
       0.000  0.000  0.000  1.000  0.000
       0.000  0.000  0.000  0.000  1.000
     occupation matrix ns (before diag.):
       0.600  0.000  0.000  0.000  0.000
       0.000  0.600  0.000  0.000  0.000
       0.000  0.000  0.600  0.000  0.000
       0.000  0.000  0.000  0.600  0.000
       0.000  0.000  0.000  0.000  0.600
     ------------------------ ATOM    2 ------------------------
     Tr[ns(  2)] (up, down, total) =   3.00000  5.00000  8.00000
     Atomic magnetic moment for atom   2 =  -2.00000
     SPIN  1
     eigenvalues:
       0.600  0.600  0.600  0.600  0.600
     eigenvectors (columns):
       1.000  0.000  0.000  0.000  0.000
       0.000  1.000  0.000  0.000  0.000
       0.000  0.000  1.000  0.000  0.000
       0.000  0.000  0.000  1.000  0.000
       0.000  0.000  0.000  0.000  1.000
     occupation matrix ns (before diag.):
       0.600  0.000  0.000  0.000  0.000
       0.000  0.600  0.000  0.000  0.000
       0.000  0.000  0.600  0.000  0.000
       0.000  0.000  0.000  0.600  0.000
       0.000  0.000  0.000  0.000  0.600
     SPIN  2
     eigenvalues:
       1.000  1.000  1.000  1.000  1.000
     eigenvectors (columns):
       1.000  0.000  0.000  0.000  0.000
       0.000  1.000  0.000  0.000  0.000
       0.000  0.000  1.000  0.000  0.000
       0.000  0.000  0.000  1.000  0.000
       0.000  0.000  0.000  0.000  1.000
     occupation matrix ns (before diag.):
       1.000  0.000  0.000  0.000  0.000
       0.000  1.000  0.000  0.000  0.000
       0.000  0.000  1.000  0.000  0.000
       0.000  0.000  0.000  1.000  0.000
       0.000  0.000  0.000  0.000  1.000

     Number of occupied Hubbard levels =   16.0000

     Atomic wfc used for Hubbard projectors are orthogonalized

     Starting wfcs are   36 randomized atomic wfcs

     total cpu time spent up to now is       18.9 secs

     per-process dynamical memory:    77.8 Mb

     Self-consistent Calculation

     iteration #  1     ecut=    49.00 Ry     beta= 0.20
     Davidson diagonalization with overlap

---- Real-time Memory Report at c_bands before calling an iterative solver
           100 MiB given to the printing process from OS
            75 MiB allocation reported by mallinfo(arena+hblkhd)
        239571 MiB available memory on the node where the printing process lives
------------------
     ethr =  1.00E-02,  avg # of iterations =  3.3

     =================== HUBBARD OCCUPATIONS ===================
     ------------------------ ATOM    1 ------------------------
     Tr[ns(  1)] (up, down, total) =   4.98879  1.94601  6.93480
     Atomic magnetic moment for atom   1 =   3.04278
     SPIN  1
     eigenvalues:
       0.998  0.998  0.998  0.998  0.998
     eigenvectors (columns):
      -0.000 -0.000  0.000  0.000 -1.000
      -0.037 -0.778 -0.381  0.498 -0.000
      -0.778  0.037 -0.498 -0.381 -0.000
       0.626 -0.030 -0.619 -0.473 -0.000
       0.030  0.626 -0.473  0.619 -0.000
     occupation matrix ns (before diag.):
       0.998  0.000  0.000  0.000  0.000
       0.000  0.998  0.000 -0.000  0.000
       0.000  0.000  0.998  0.000  0.000
       0.000 -0.000  0.000  0.998 -0.000
       0.000  0.000  0.000 -0.000  0.998
     SPIN  2
     eigenvalues:
       0.121  0.121  0.536  0.536  0.632
     eigenvectors (columns):
      -0.000  0.000 -0.000 -0.000  1.000
      -0.818 -0.170  0.334 -0.437  0.000
      -0.170  0.818  0.437  0.334  0.000
       0.112 -0.539  0.664  0.507  0.000
       0.539  0.112  0.507 -0.664  0.000
     occupation matrix ns (before diag.):
       0.632  0.000  0.000  0.000  0.000
       0.000  0.247  0.000 -0.000  0.190
       0.000  0.000  0.247  0.190  0.000
       0.000 -0.000  0.190  0.410 -0.000
       0.000  0.190  0.000 -0.000  0.410
     ------------------------ ATOM    2 ------------------------
     Tr[ns(  2)] (up, down, total) =   1.94565  4.98880  6.93445
     Atomic magnetic moment for atom   2 =  -3.04315
     SPIN  1
     eigenvalues:
       0.123  0.123  0.535  0.535  0.629
     eigenvectors (columns):
      -0.000  0.000 -0.000 -0.000  1.000
      -0.821 -0.176  0.329 -0.431  0.000
      -0.176  0.821  0.431  0.329  0.000
       0.114 -0.531  0.668  0.510  0.000
       0.531  0.114  0.510 -0.668  0.000
     occupation matrix ns (before diag.):
       0.629  0.000  0.000  0.000  0.000
       0.000  0.245  0.000 -0.000  0.188
       0.000  0.000  0.245  0.188  0.000
       0.000 -0.000  0.188  0.414 -0.000
       0.000  0.188  0.000 -0.000  0.414
     SPIN  2
     eigenvalues:
       0.998  0.998  0.998  0.998  0.998
     eigenvectors (columns):
       0.000 -0.000  0.000  0.000  1.000
       0.076 -0.761 -0.400  0.505  0.000
       0.761  0.076 -0.505 -0.400  0.000
      -0.641 -0.064 -0.599 -0.475  0.000
      -0.064  0.641 -0.475  0.599  0.000
     occupation matrix ns (before diag.):
       0.998  0.000  0.000  0.000  0.000
       0.000  0.998  0.000 -0.000  0.000
       0.000  0.000  0.998  0.000  0.000
       0.000 -0.000  0.000  0.998 -0.000
       0.000  0.000  0.000 -0.000  0.998

     Number of occupied Hubbard levels =   13.8693

     HUBBARD ENERGY =    0.3878  (Ry)

     total cpu time spent up to now is       20.0 secs

     total energy              =    -767.51841693 Ry
     estimated scf accuracy    <       7.38774362 Ry

     total magnetization       =    -0.00 Bohr mag/cell
     absolute magnetization    =     8.00 Bohr mag/cell

     iteration #  2     ecut=    49.00 Ry     beta= 0.20
     Davidson diagonalization with overlap

---- Real-time Memory Report at c_bands before calling an iterative solver
           108 MiB given to the printing process from OS
            74 MiB allocation reported by mallinfo(arena+hblkhd)
        238837 MiB available memory on the node where the printing process lives
------------------
     ethr =  1.00E-02,  avg # of iterations =  2.0

     =================== HUBBARD OCCUPATIONS ===================
     ------------------------ ATOM    1 ------------------------
     Tr[ns(  1)] (up, down, total) =   4.99235  2.18811  7.18046
     Atomic magnetic moment for atom   1 =   2.80423
     SPIN  1
     eigenvalues:
       0.998  0.998  0.998  0.999  0.999
     eigenvectors (columns):
       0.000  0.000 -1.000  0.000 -0.000
      -0.586  0.626  0.000  0.279  0.432
       0.626  0.586  0.000  0.432 -0.279
      -0.375 -0.352  0.000  0.721 -0.465
       0.352 -0.375  0.000  0.465  0.721
     occupation matrix ns (before diag.):
       0.998  0.000  0.000  0.000  0.000
       0.000  0.998  0.000 -0.000  0.000
       0.000  0.000  0.998  0.000  0.000
       0.000 -0.000  0.000  0.999 -0.000
       0.000  0.000  0.000 -0.000  0.999
     SPIN  2
     eigenvalues:
       0.137  0.137  0.597  0.597  0.721
     eigenvectors (columns):
      -0.000  0.000 -0.000 -0.000  1.000
      -0.796 -0.244  0.333 -0.443  0.000
      -0.244  0.796  0.443  0.333  0.000
       0.163 -0.530  0.665  0.500  0.000
       0.530  0.163  0.500 -0.665  0.000
     occupation matrix ns (before diag.):
       0.721  0.000  0.000  0.000  0.000
       0.000  0.278  0.000 -0.000  0.212
       0.000  0.000  0.278  0.212  0.000
       0.000 -0.000  0.212  0.456 -0.000
       0.000  0.212  0.000 -0.000  0.456
     ------------------------ ATOM    2 ------------------------
     Tr[ns(  2)] (up, down, total) =   2.18951  4.99235  7.18187
     Atomic magnetic moment for atom   2 =  -2.80284
     SPIN  1
     eigenvalues:
       0.139  0.139  0.597  0.597  0.717
     eigenvectors (columns):
      -0.000  0.000 -0.000 -0.000  1.000
      -0.808 -0.215  0.331 -0.439  0.000
      -0.215  0.808  0.439  0.331  0.000
       0.141 -0.531  0.667  0.503  0.000
       0.531  0.141  0.503 -0.667  0.000
     occupation matrix ns (before diag.):
       0.717  0.000  0.000  0.000  0.000
       0.000  0.277  0.000 -0.000  0.210
       0.000  0.000  0.277  0.210  0.000
       0.000 -0.000  0.210  0.459 -0.000
       0.000  0.210  0.000 -0.000  0.459
     SPIN  2
     eigenvalues:
       0.998  0.998  0.998  0.999  0.999
     eigenvectors (columns):
       0.000  0.000 -1.000  0.000 -0.000
      -0.569  0.639  0.000  0.282  0.435
       0.639  0.569  0.000  0.435 -0.282
      -0.387 -0.345  0.000  0.718 -0.465
       0.345 -0.387  0.000  0.465  0.718
     occupation matrix ns (before diag.):
       0.998  0.000  0.000  0.000  0.000
       0.000  0.998  0.000 -0.000  0.000
       0.000  0.000  0.998  0.000  0.000
       0.000 -0.000  0.000  0.999 -0.000
       0.000  0.000  0.000 -0.000  0.999

     Number of occupied Hubbard levels =   14.3623

     HUBBARD ENERGY =    0.3848  (Ry)

     total cpu time spent up to now is       20.6 secs

     total energy              =    -768.23151529 Ry
     estimated scf accuracy    <       3.48625842 Ry

     total magnetization       =    -0.00 Bohr mag/cell
     absolute magnetization    =     7.89 Bohr mag/cell

     iteration #  3     ecut=    49.00 Ry     beta= 0.20
     Davidson diagonalization with overlap

---- Real-time Memory Report at c_bands before calling an iterative solver
           109 MiB given to the printing process from OS
            74 MiB allocation reported by mallinfo(arena+hblkhd)
        238833 MiB available memory on the node where the printing process lives
------------------
     ethr =  5.45E-03,  avg # of iterations =  7.6

     =================== HUBBARD OCCUPATIONS ===================
     ------------------------ ATOM    1 ------------------------
     Tr[ns(  1)] (up, down, total) =   4.98388  4.61836  9.60224
     Atomic magnetic moment for atom   1 =   0.36553
     SPIN  1
     eigenvalues:
       0.997  0.997  0.997  0.997  0.997
     eigenvectors (columns):
       1.000  0.000 -0.000  0.000  0.000
      -0.000  0.477  0.515 -0.144 -0.697
      -0.000  0.515 -0.477 -0.697  0.144
      -0.000  0.523 -0.484  0.688 -0.142
      -0.000  0.484  0.523  0.142  0.688
     occupation matrix ns (before diag.):
       0.997  0.000  0.000  0.000  0.000
       0.000  0.997  0.000 -0.000 -0.000
       0.000  0.000  0.997 -0.000  0.000
       0.000 -0.000 -0.000  0.997 -0.000
       0.000 -0.000  0.000 -0.000  0.997
     SPIN  2
     eigenvalues:
       0.871  0.871  0.940  0.940  0.997
     eigenvectors (columns):
       0.000 -0.000 -0.000  0.000  1.000
       0.115 -0.317  0.940 -0.041  0.000
       0.317  0.115 -0.041 -0.940  0.000
      -0.885 -0.322 -0.015 -0.337  0.000
      -0.322  0.885  0.337 -0.015  0.000
     occupation matrix ns (before diag.):
       0.997  0.000  0.000  0.000  0.000
       0.000  0.932  0.000 -0.000  0.022
       0.000  0.000  0.932  0.022  0.000
       0.000 -0.000  0.022  0.879 -0.000
       0.000  0.022  0.000 -0.000  0.879
     ------------------------ ATOM    2 ------------------------
     Tr[ns(  2)] (up, down, total) =   4.59764  4.98416  9.58180
     Atomic magnetic moment for atom   2 =  -0.38652
     SPIN  1
     eigenvalues:
       0.872  0.872  0.929  0.929  0.996
     eigenvectors (columns):
       0.000 -0.000 -0.000  0.000  1.000
       0.134 -0.389  0.909  0.067  0.000
       0.389  0.134  0.067 -0.909  0.000
      -0.862 -0.296  0.030 -0.410  0.000
      -0.296  0.862  0.410  0.030  0.000
     occupation matrix ns (before diag.):
       0.996  0.000  0.000  0.000  0.000
       0.000  0.919  0.000 -0.000  0.022
       0.000  0.000  0.919  0.022  0.000
       0.000 -0.000  0.022  0.881 -0.000
       0.000  0.022  0.000 -0.000  0.881
     SPIN  2
     eigenvalues:
       0.997  0.997  0.997  0.997  0.997
     eigenvectors (columns):
       1.000 -0.000 -0.000  0.000  0.000
      -0.000 -0.407  0.507 -0.086 -0.755
      -0.000 -0.507 -0.407 -0.755  0.086
      -0.000 -0.593 -0.476  0.646 -0.073
      -0.000 -0.476  0.593  0.073  0.646
     occupation matrix ns (before diag.):
       0.997  0.000  0.000  0.000  0.000
       0.000  0.997  0.000 -0.000 -0.000
       0.000  0.000  0.997 -0.000  0.000
       0.000 -0.000 -0.000  0.997 -0.000
       0.000 -0.000  0.000 -0.000  0.997

     Number of occupied Hubbard levels =   19.1840

     HUBBARD ENERGY =    0.3264  (Ry)

     total cpu time spent up to now is       21.5 secs

     total energy              =    -772.65583623 Ry
     estimated scf accuracy    <       9.48304880 Ry

     total magnetization       =     0.00 Bohr mag/cell
     absolute magnetization    =     2.84 Bohr mag/cell

     iteration #  4     ecut=    49.00 Ry     beta= 0.20
     Davidson diagonalization with overlap

---- Real-time Memory Report at c_bands before calling an iterative solver
           110 MiB given to the printing process from OS
            74 MiB allocation reported by mallinfo(arena+hblkhd)
        238814 MiB available memory on the node where the printing process lives
------------------
     ethr =  5.45E-03,  avg # of iterations =  2.8

     =================== HUBBARD OCCUPATIONS ===================
     ------------------------ ATOM    1 ------------------------
     Tr[ns(  1)] (up, down, total) =   4.96033  4.77745  9.73778
     Atomic magnetic moment for atom   1 =   0.18289
     SPIN  1
     eigenvalues:
       0.991  0.991  0.991  0.993  0.993
     eigenvectors (columns):
       1.000  0.000 -0.000  0.000  0.000
      -0.000  0.397  0.504 -0.070 -0.764
      -0.000  0.504 -0.397 -0.764  0.070
      -0.000  0.603 -0.475  0.639 -0.058
      -0.000  0.475  0.603  0.058  0.639
     occupation matrix ns (before diag.):
       0.991  0.000  0.000  0.000  0.000
       0.000  0.992  0.000 -0.000 -0.001
       0.000  0.000  0.992 -0.001  0.000
       0.000 -0.000 -0.001  0.992 -0.000
       0.000 -0.001  0.000 -0.000  0.992
     SPIN  2
     eigenvalues:
       0.901  0.901  0.989  0.989  0.996
     eigenvectors (columns):
      -0.000  0.000  0.000  0.000  1.000
       0.039  0.085 -0.944 -0.316  0.000
       0.085 -0.039  0.316 -0.944  0.000
       0.905 -0.414 -0.030  0.089  0.000
       0.414  0.905  0.089  0.030  0.000
     occupation matrix ns (before diag.):
       0.996  0.000  0.000  0.000  0.000
       0.000  0.988  0.000 -0.000 -0.008
       0.000  0.000  0.988 -0.008  0.000
       0.000 -0.000 -0.008  0.902 -0.000
       0.000 -0.008  0.000 -0.000  0.902
     ------------------------ ATOM    2 ------------------------
     Tr[ns(  2)] (up, down, total) =   4.82520  4.96062  9.78582
     Atomic magnetic moment for atom   2 =  -0.13542
     SPIN  1
     eigenvalues:
       0.925  0.925  0.989  0.989  0.996
     eigenvectors (columns):
      -0.000  0.000  0.000  0.000  1.000
       0.043  0.092 -0.943 -0.318  0.000
       0.092 -0.043  0.318 -0.943  0.000
       0.902 -0.420 -0.032  0.096  0.000
       0.420  0.902  0.096  0.032  0.000
     occupation matrix ns (before diag.):
       0.996  0.000  0.000  0.000  0.000
       0.000  0.989  0.000 -0.000 -0.006
       0.000  0.000  0.989 -0.006  0.000
       0.000 -0.000 -0.006  0.926 -0.000
       0.000 -0.006  0.000 -0.000  0.926
     SPIN  2
     eigenvalues:
       0.991  0.991  0.991  0.993  0.993
     eigenvectors (columns):
       1.000  0.000 -0.000  0.000  0.000
      -0.000  0.397  0.504 -0.071 -0.764
      -0.000  0.504 -0.397 -0.764  0.071
      -0.000  0.602 -0.475  0.639 -0.059
      -0.000  0.475  0.602  0.059  0.639
     occupation matrix ns (before diag.):
       0.991  0.000  0.000  0.000  0.000
       0.000  0.992  0.000 -0.000 -0.001
       0.000  0.000  0.992 -0.001  0.000
       0.000 -0.000 -0.001  0.992 -0.000
       0.000 -0.001  0.000 -0.000  0.992

     Number of occupied Hubbard levels =   19.5236

     HUBBARD ENERGY =    0.4220  (Ry)

     total cpu time spent up to now is       22.3 secs

     total energy              =    -770.13435099 Ry
     estimated scf accuracy    <      19.31352558 Ry

     total magnetization       =    -0.00 Bohr mag/cell
     absolute magnetization    =     2.63 Bohr mag/cell

     iteration #  5     ecut=    49.00 Ry     beta= 0.20
     Davidson diagonalization with overlap

---- Real-time Memory Report at c_bands before calling an iterative solver
           111 MiB given to the printing process from OS
            74 MiB allocation reported by mallinfo(arena+hblkhd)
        238807 MiB available memory on the node where the printing process lives
------------------
     ethr =  5.45E-03,  avg # of iterations =  2.3

     =================== HUBBARD OCCUPATIONS ===================
     ------------------------ ATOM    1 ------------------------
     Tr[ns(  1)] (up, down, total) =   4.99122  4.69962  9.69084
     Atomic magnetic moment for atom   1 =   0.29160
     SPIN  1
     eigenvalues:
       0.997  0.997  0.999  0.999  0.999
     eigenvectors (columns):
       0.000  0.000  0.000 -0.000  1.000
       0.033  0.779 -0.379 -0.498  0.000
       0.779 -0.033 -0.498  0.379  0.000
      -0.625  0.027 -0.621  0.473  0.000
      -0.027 -0.625 -0.473 -0.621  0.000
     occupation matrix ns (before diag.):
       0.999  0.000  0.000  0.000  0.000
       0.000  0.998  0.000 -0.000  0.001
       0.000  0.000  0.998  0.001  0.000
       0.000 -0.000  0.001  0.998 -0.000
       0.000  0.001  0.000 -0.000  0.998
     SPIN  2
     eigenvalues:
       0.890  0.890  0.962  0.962  0.997
     eigenvectors (columns):
       0.000  0.000 -0.000 -0.000 -1.000
       0.054 -0.134  0.967  0.208 -0.000
       0.134  0.054 -0.208  0.967 -0.000
      -0.917 -0.371 -0.030  0.141 -0.000
      -0.371  0.917  0.141  0.030 -0.000
     occupation matrix ns (before diag.):
       0.997  0.000  0.000  0.000  0.000
       0.000  0.960  0.000 -0.000  0.010
       0.000  0.000  0.960  0.010  0.000
       0.000 -0.000  0.010  0.891 -0.000
       0.000  0.010  0.000 -0.000  0.891
     ------------------------ ATOM    2 ------------------------
     Tr[ns(  2)] (up, down, total) =   4.78379  4.99209  9.77587
     Atomic magnetic moment for atom   2 =  -0.20830
     SPIN  1
     eigenvalues:
       0.919  0.919  0.974  0.974  0.997
     eigenvectors (columns):
       0.000  0.000 -0.000 -0.000 -1.000
       0.029 -0.067  0.966  0.247 -0.000
       0.067  0.029 -0.247  0.966 -0.000
      -0.918 -0.390 -0.018  0.071 -0.000
      -0.390  0.918  0.071  0.018 -0.000
     occupation matrix ns (before diag.):
       0.997  0.000  0.000  0.000  0.000
       0.000  0.974  0.000 -0.000  0.004
       0.000  0.000  0.974  0.004  0.000
       0.000 -0.000  0.004  0.919 -0.000
       0.000  0.004  0.000 -0.000  0.919
     SPIN  2
     eigenvalues:
       0.998  0.998  0.999  0.999  0.999
     eigenvectors (columns):
       0.000 -0.000  0.000  0.000  1.000
       0.108 -0.740 -0.424  0.511  0.000
       0.740  0.108 -0.511 -0.424  0.000
      -0.658 -0.096 -0.575 -0.477  0.000
      -0.096  0.658 -0.477  0.575  0.000
     occupation matrix ns (before diag.):
       0.999  0.000  0.000  0.000  0.000
       0.000  0.998  0.000 -0.000  0.000
       0.000  0.000  0.998  0.000  0.000
       0.000 -0.000  0.000  0.998 -0.000
       0.000  0.000  0.000 -0.000  0.998

     Number of occupied Hubbard levels =   19.4667

     HUBBARD ENERGY =    0.3074  (Ry)

     total cpu time spent up to now is       23.0 secs

     total energy              =    -769.34121739 Ry
     estimated scf accuracy    <       6.11635362 Ry

     total magnetization       =     0.00 Bohr mag/cell
     absolute magnetization    =     2.63 Bohr mag/cell

     iteration #  6     ecut=    49.00 Ry     beta= 0.20
     Davidson diagonalization with overlap

---- Real-time Memory Report at c_bands before calling an iterative solver
           112 MiB given to the printing process from OS
            74 MiB allocation reported by mallinfo(arena+hblkhd)
        238803 MiB available memory on the node where the printing process lives
------------------
     ethr =  5.45E-03,  avg # of iterations =  5.3

     =================== HUBBARD OCCUPATIONS ===================
     ------------------------ ATOM    1 ------------------------
     Tr[ns(  1)] (up, down, total) =   4.93259  3.39853  8.33113
     Atomic magnetic moment for atom   1 =   1.53406
     SPIN  1
     eigenvalues:
       0.985  0.985  0.985  0.988  0.988
     eigenvectors (columns):
      -1.000 -0.000 -0.000 -0.000  0.000
       0.000 -0.278  0.431 -0.593 -0.621
       0.000 -0.431 -0.278  0.621 -0.593
       0.000 -0.722 -0.465 -0.371  0.354
       0.000 -0.465  0.722  0.354  0.371
     occupation matrix ns (before diag.):
       0.985  0.000  0.000  0.000  0.000
       0.000  0.988  0.000 -0.000 -0.001
       0.000  0.000  0.988 -0.001  0.000
       0.000 -0.000 -0.001  0.986 -0.000
       0.000 -0.001  0.000 -0.000  0.986
     SPIN  2
     eigenvalues:
       0.321  0.321  0.893  0.893  0.970
     eigenvectors (columns):
       0.000 -0.000 -0.000 -0.000  1.000
       0.021 -0.777  0.379 -0.502  0.000
       0.777  0.021  0.502  0.379  0.000
      -0.629 -0.017  0.621  0.468  0.000
      -0.017  0.629  0.468 -0.621  0.000
     occupation matrix ns (before diag.):
       0.970  0.000  0.000  0.000  0.000
       0.000  0.547  0.000 -0.000  0.280
       0.000  0.000  0.547  0.280  0.000
       0.000 -0.000  0.280  0.667 -0.000
       0.000  0.280  0.000 -0.000  0.667
     ------------------------ ATOM    2 ------------------------
     Tr[ns(  2)] (up, down, total) =   3.44731  4.94050  8.38781
     Atomic magnetic moment for atom   2 =  -1.49319
     SPIN  1
     eigenvalues:
       0.331  0.331  0.906  0.906  0.974
     eigenvectors (columns):
      -0.000 -0.000 -0.000  0.000  1.000
       0.073 -0.801  0.344  0.484  0.000
      -0.801 -0.073  0.484 -0.344  0.000
       0.592  0.054  0.656 -0.466  0.000
      -0.054  0.592  0.466  0.656  0.000
     occupation matrix ns (before diag.):
       0.974  0.000  0.000  0.000  0.000
       0.000  0.534  0.000 -0.000  0.274
       0.000  0.000  0.534  0.274  0.000
       0.000 -0.000  0.274  0.703 -0.000
       0.000  0.274  0.000 -0.000  0.703
     SPIN  2
     eigenvalues:
       0.987  0.987  0.987  0.989  0.989
     eigenvectors (columns):
       1.000 -0.000 -0.000 -0.000  0.000
      -0.000 -0.227  0.379 -0.758  0.479
      -0.000 -0.379 -0.227  0.479  0.758
      -0.000 -0.770 -0.461 -0.236 -0.374
      -0.000 -0.461  0.770  0.374 -0.236
     occupation matrix ns (before diag.):
       0.987  0.000  0.000  0.000  0.000
       0.000  0.989  0.000 -0.000 -0.001
       0.000  0.000  0.989 -0.001  0.000
       0.000 -0.000 -0.001  0.988 -0.000
       0.000 -0.001  0.000 -0.000  0.988

     Number of occupied Hubbard levels =   16.7189

     HUBBARD ENERGY =    0.3016  (Ry)

     total cpu time spent up to now is       23.9 secs

     total energy              =    -770.41931967 Ry
     estimated scf accuracy    <       0.65316829 Ry

     total magnetization       =    -0.00 Bohr mag/cell
     absolute magnetization    =     4.07 Bohr mag/cell

     iteration #  7     ecut=    49.00 Ry     beta= 0.20
     Davidson diagonalization with overlap

---- Real-time Memory Report at c_bands before calling an iterative solver
