<?xml version="1.0" encoding="UTF-8"?>
<Root>
  <GEOMETRY_INFO>
    <NUMBER_OF_TYPES>2</NUMBER_OF_TYPES>
    <NUMBER_OF_ATOMS>3</NUMBER_OF_ATOMS>
    <BRAVAIS_LATTICE_INDEX>4</BRAVAIS_LATTICE_INDEX>
    <SPIN_COMPONENTS>1</SPIN_COMPONENTS>
    <CELL_DIMENSIONS>
   5.947748570000000E+00   0.000000000000000E+00   6.725233840000000E+00
   0.000000000000000E+00   0.000000000000000E+00   0.000000000000000E+00
    </CELL_DIMENSIONS>
    <AT>
   1.000000000000000E+00   0.000000000000000E+00   0.000000000000000E+00
  -5.000000000000000E-01   8.660254037845000E-01   0.000000000000000E+00
   0.000000000000000E+00   0.000000000000000E+00   6.725233840000000E+00
    </AT>
    <BG>
   1.000000000000000E+00   5.773502691895849E-01  -0.000000000000000E+00
   0.000000000000000E+00   1.154700538379170E+00   0.000000000000000E+00
   0.000000000000000E+00  -0.000000000000000E+00   1.486937144181146E-01
    </BG>
    <UNIT_CELL_VOLUME_AU>1225.4506458132287</UNIT_CELL_VOLUME_AU>
    <TYPE_NAME.1>Mo</TYPE_NAME.1>
    <MASS.1>95.950000000000003</MASS.1>
    <TYPE_NAME.2/>
    <MASS.2>32.064999999999998</MASS.2>
    <ATOM.1 SPECIES="Mo" INDEX="1" TAU="0.0000000000000000 0.57735021145463972 0.0000000000000000"/>
    <ATOM.2 SPECIES="" INDEX="2" TAU="0.49999999995000005 0.28867513456596589 0.49450339705174712"/>
    <ATOM.3 SPECIES="" INDEX="2" TAU="0.49999999995000005 0.28867513456596589 -0.49450339705174712"/>
    <NUMBER_OF_Q>2</NUMBER_OF_Q>
  </GEOMETRY_INFO>
  <DIELECTRIC_PROPERTIES epsil="true" zstar="true" raman="false">
    <EPSILON>
   5.012224078781466E+00   0.000000000000000E+00   0.000000000000000E+00
   0.000000000000000E+00   5.012224078780898E+00   0.000000000000000E+00
   2.562428286982520E-27   1.479418661268365E-27   1.240806473898177E+00
    </EPSILON>
    <ZSTAR>
      <Z_AT_.1>
  -1.115226651774434E+00   0.000000000000000E+00   3.439233028417258E-19
  -2.516505522483688E-15  -1.115226651773523E+00   2.647522819683221E-19
   0.000000000000000E+00   2.541621919520265E-17  -8.104031154237065E-02
      </Z_AT_.1>
      <Z_AT_.2>
   5.576133258872170E-01   0.000000000000000E+00  -3.439233028417258E-19
   1.036208156316813E-15   5.576133258867605E-01  -7.280687754128856E-19
  -1.100554569093523E-17  -1.906216436484105E-17   4.052015577118577E-02
      </Z_AT_.2>
      <Z_AT_.3>
   5.576133258872170E-01   0.000000000000000E+00   4.814824860968090E-35
   1.480297366166875E-15   5.576133258867623E-01   4.633164934445636E-19
   1.100554569093523E-17  -6.354054830361589E-18   4.052015577118488E-02
      </Z_AT_.3>
    </ZSTAR>
  </DIELECTRIC_PROPERTIES>
  <INTERATOMIC_FORCE_CONSTANTS>
    <MESH_NQ1_NQ2_NQ3>
                 6                 6                 1
    </MESH_NQ1_NQ2_NQ3>
    <s_s1_m1_m2_m3.1.1.1.1.1>
      <IFC>
   5.427009320709894E-01  -2.627786306454006E-10   5.988773225025574E-27
  -2.627786306454006E-10   5.427009295140226E-01  -3.449270052623302E-21
   5.988773225025574E-27  -3.449270052623302E-21   5.810192339651334E-01
      </IFC>
    </s_s1_m1_m2_m3.1.1.1.1.1>
    <s_s1_m1_m2_m3.1.1.2.1.1>
      <IFC>
  -2.324350116527273E-02   2.356816535477007E-02  -2.980273209634040E-27
  -2.356816509323000E-02  -7.396163131169854E-03   1.706071539758166E-20
  -2.980273209634040E-27   1.706071539758166E-20   1.271039689492820E-02
      </IFC>
    </s_s1_m1_m2_m3.1.1.2.1.1>
    <s_s1_m1_m2_m3.1.1.3.1.1>
      <IFC>
  -2.531213994523502E-03  -2.562766652941281E-04  -2.980273205621686E-27
   2.562769268342260E-04   1.287970625482483E-03   2.939318710955355E-21
  -2.980273205621686E-27   2.939318710955355E-21  -1.424944159124512E-03
      </IFC>
    </s_s1_m1_m2_m3.1.1.3.1.1>
    <s_s1_m1_m2_m3.1.1.4.1.1>
      <IFC>
  -3.117799449643025E-04  -2.615400930164633E-10   5.960546424283522E-27
  -2.615400930164633E-10   2.001383539991288E-04   1.148587161794742E-21
   5.960546424283522E-27   1.148587161794742E-21   2.657127274703476E-04
      </IFC>
    </s_s1_m1_m2_m3.1.1.4.1.1>
    <s_s1_m1_m2_m3.1.1.5.1.1>
      <IFC>
  -2.531213994523502E-03   2.562769268342260E-04  -2.980273205621686E-27
  -2.562766652941281E-04   1.287970625482483E-03   2.939318710955355E-21
  -2.980273205621686E-27   2.939318710955355E-21  -1.424944159124512E-03
      </IFC>
    </s_s1_m1_m2_m3.1.1.5.1.1>
    <s_s1_m1_m2_m3.1.1.6.1.1>
      <IFC>
  -2.324350116527273E-02  -2.356816509323000E-02  -2.980273209634040E-27
   2.356816535477007E-02  -7.396163131169854E-03   1.706071539758166E-20
  -2.980273209634040E-27   1.706071539758166E-20   1.271039689492820E-02
      </IFC>
    </s_s1_m1_m2_m3.1.1.6.1.1>
    <s_s1_m1_m2_m3.1.1.1.2.1>
      <IFC>
  -1.135799752644673E-02   3.043026408010068E-02   1.670124415207567E-20
  -1.670606636789938E-02  -1.928166676999563E-02  -1.186669318539698E-20
   1.670124415207567E-20  -1.186669318539698E-20   1.271039689492821E-02
      </IFC>
    </s_s1_m1_m2_m3.1.1.1.2.1>
    <s_s1_m1_m2_m3.1.1.2.2.1>
      <IFC>
  -1.135799752644671E-02  -3.043026381856060E-02  -1.670125011262209E-20
   1.670606662943947E-02  -1.928166676999557E-02  -1.186669318539704E-20
  -1.670125011262209E-20  -1.186669318539704E-20   1.271039689492820E-02
      </IFC>
    </s_s1_m1_m2_m3.1.1.2.2.1>
    <s_s1_m1_m2_m3.1.1.3.2.1>
      <IFC>
  -6.917900697768794E-04   2.231446048666038E-03  -5.340488492863523E-21
   2.231446048666038E-03  -3.268442023535611E-03   1.133111125499935E-21
  -5.340488492863523E-21   1.133111125499935E-21  -5.894649361819307E-04
      </IFC>
    </s_s1_m1_m2_m3.1.1.3.2.1>
    <s_s1_m1_m2_m3.1.1.4.2.1>
      <IFC>
   1.045901396370582E-04   2.425091396506885E-05  -1.081973035617529E-21
   2.771079472475486E-05  -8.203065274461907E-05   3.318673683491572E-22
  -1.081973035617529E-21   3.318673683491572E-22  -6.213316789032943E-05
      </IFC>
    </s_s1_m1_m2_m3.1.1.4.2.1>
    <s_s1_m1_m2_m3.1.1.5.2.1>
      <IFC>
   1.045901396370365E-04  -2.425065242499420E-05   1.081967075071117E-21
  -2.771053318467932E-05  -8.203065274455604E-05   3.318673683491657E-22
   1.081967075071117E-21   3.318673683491657E-22  -6.213316789033257E-05
      </IFC>
    </s_s1_m1_m2_m3.1.1.5.2.1>
    <s_s1_m1_m2_m3.1.1.6.2.1>
      <IFC>
  -6.917900697768586E-04  -2.231446571746210E-03   5.340500413956359E-21
  -2.231446571746210E-03  -3.268442023535584E-03   1.133111125499967E-21
   5.340500413956359E-21   1.133111125499967E-21  -5.894649361819362E-04
      </IFC>
    </s_s1_m1_m2_m3.1.1.6.2.1>
    <s_s1_m1_m2_m3.1.1.1.3.1>
      <IFC>
   3.331745837310675E-04   1.397478851424972E-03   4.198031613756273E-21
   1.910032443553325E-03  -1.576417952772388E-03  -4.331890497832609E-21
   4.198031613756273E-21  -4.331890497832609E-21  -1.424944159124506E-03
      </IFC>
    </s_s1_m1_m2_m3.1.1.1.3.1>
    <s_s1_m1_m2_m3.1.1.2.3.1>
      <IFC>
  -4.556768453416454E-03  -2.615400897096467E-10   5.960546418933717E-27
  -2.615400886314678E-10   5.965363601029097E-04  -8.116896605336723E-21
   5.960546418933717E-27  -8.116896605336723E-21  -5.894649361819365E-04
      </IFC>
    </s_s1_m1_m2_m3.1.1.2.3.1>
    <s_s1_m1_m2_m3.1.1.3.3.1>
      <IFC>
   3.331745837310952E-04  -1.397478589884882E-03  -4.198037574302680E-21
  -1.910032182013235E-03  -1.576417952772415E-03  -4.331890497832629E-21
  -4.198037574302680E-21  -4.331890497832629E-21  -1.424944159124512E-03
      </IFC>
    </s_s1_m1_m2_m3.1.1.3.3.1>
    <s_s1_m1_m2_m3.1.1.4.3.1>
      <IFC>
  -1.287537477456185E-05   9.552954109070207E-05  -2.434448692240297E-21
   9.206966033101607E-05   3.543486166667405E-05  -2.010689184921031E-21
  -2.434448692240297E-21  -2.010689184921031E-21  -6.213316789032943E-05
      </IFC>
    </s_s1_m1_m2_m3.1.1.4.3.1>
    <s_s1_m1_m2_m3.1.1.5.3.1>
      <IFC>
  -6.374637686949866E-06  -2.615400789459284E-10   5.960546417596266E-27
  -2.615400781749402E-10  -6.374335686631715E-06  -1.836624872762070E-21
   5.960546417596266E-27  -1.836624872762070E-21   2.754052588155863E-04
      </IFC>
    </s_s1_m1_m2_m3.1.1.5.3.1>
    <s_s1_m1_m2_m3.1.1.6.3.1>
      <IFC>
  -1.287537477455260E-05  -9.552927955062841E-05   2.434442731693891E-21
  -9.206939879094414E-05   3.543486166670653E-05  -2.010689184921013E-21
   2.434442731693891E-21  -2.010689184921013E-21  -6.213316789032992E-05
      </IFC>
    </s_s1_m1_m2_m3.1.1.6.3.1>
    <s_s1_m1_m2_m3.1.1.1.4.1>
      <IFC>
   7.215855275788385E-05   2.216667334722089E-04   2.598126629141880E-21
   2.216667334722089E-04  -1.838001437232241E-04  -3.351489840406021E-21
   2.598126629141880E-21  -3.351489840406021E-21   2.657127274703599E-04
      </IFC>
    </s_s1_m1_m2_m3.1.1.1.4.1>
    <s_s1_m1_m2_m3.1.1.2.4.1>
      <IFC>
  -5.787530802359164E-05  -6.954855597575416E-05   1.352472676349575E-21
  -6.608867521606558E-05   8.043479491583645E-05  -3.884716293043531E-21
   1.352472676349575E-21  -3.884716293043531E-21  -6.213316789032943E-05
      </IFC>
    </s_s1_m1_m2_m3.1.1.2.4.1>
    <s_s1_m1_m2_m3.1.1.3.4.1>
      <IFC>
  -5.787530802358548E-05   6.954881751583070E-05  -1.352478636895985E-21
   6.608893675614606E-05   8.043479491583029E-05  -3.884716293043532E-21
  -1.352478636895985E-21  -3.884716293043532E-21  -6.213316789033252E-05
      </IFC>
    </s_s1_m1_m2_m3.1.1.3.4.1>
    <s_s1_m1_m2_m3.1.1.4.4.1>
      <IFC>
   7.215855275789773E-05  -2.216672565523739E-04  -2.598114708049039E-21
  -2.216672565523739E-04  -1.838001437231701E-04  -3.351489840406050E-21
  -2.598114708049039E-21  -3.351489840406050E-21   2.657127274703476E-04
      </IFC>
    </s_s1_m1_m2_m3.1.1.4.4.1>
    <s_s1_m1_m2_m3.1.1.5.4.1>
      <IFC>
  -5.787530802358548E-05   6.608893675614606E-05  -1.352478636895985E-21
   6.954881751583070E-05   8.043479491583029E-05  -3.884716293043532E-21
  -1.352478636895985E-21  -3.884716293043532E-21  -6.213316789033252E-05
      </IFC>
    </s_s1_m1_m2_m3.1.1.5.4.1>
    <s_s1_m1_m2_m3.1.1.6.4.1>
      <IFC>
  -5.787530802359164E-05  -6.608867521606558E-05   1.352472676349575E-21
  -6.954855597575416E-05   8.043479491583645E-05  -3.884716293043531E-21
   1.352472676349575E-21  -3.884716293043531E-21  -6.213316789032943E-05
      </IFC>
    </s_s1_m1_m2_m3.1.1.6.4.1>
    <s_s1_m1_m2_m3.1.1.1.5.1>
      <IFC>
   3.331745837310675E-04   1.910032443553325E-03   4.198031613756273E-21
   1.397478851424972E-03  -1.576417952772388E-03  -4.331890497832609E-21
   4.198031613756273E-21  -4.331890497832609E-21  -1.424944159124506E-03
      </IFC>
    </s_s1_m1_m2_m3.1.1.1.5.1>
    <s_s1_m1_m2_m3.1.1.2.5.1>
      <IFC>
  -1.287537477455260E-05  -9.206939879094414E-05   2.434442731693891E-21
  -9.552927955062841E-05   3.543486166670653E-05  -2.010689184921013E-21
   2.434442731693891E-21  -2.010689184921013E-21  -6.213316789032992E-05
      </IFC>
    </s_s1_m1_m2_m3.1.1.2.5.1>
    <s_s1_m1_m2_m3.1.1.3.5.1>
      <IFC>
  -6.374637686949866E-06  -2.615400781749402E-10   5.960546417596266E-27
  -2.615400789459284E-10  -6.374335686631715E-06  -1.836624872762070E-21
   5.960546417596266E-27  -1.836624872762070E-21   2.754052588155863E-04
      </IFC>
    </s_s1_m1_m2_m3.1.1.3.5.1>
    <s_s1_m1_m2_m3.1.1.4.5.1>
      <IFC>
  -1.287537477456185E-05   9.206966033101607E-05  -2.434448692240297E-21
   9.552954109070207E-05   3.543486166667405E-05  -2.010689184921031E-21
  -2.434448692240297E-21  -2.010689184921031E-21  -6.213316789032943E-05
      </IFC>
    </s_s1_m1_m2_m3.1.1.4.5.1>
    <s_s1_m1_m2_m3.1.1.5.5.1>
      <IFC>
   3.331745837310952E-04  -1.910032182013235E-03  -4.198037574302680E-21
  -1.397478589884882E-03  -1.576417952772415E-03  -4.331890497832629E-21
  -4.198037574302680E-21  -4.331890497832629E-21  -1.424944159124512E-03
      </IFC>
    </s_s1_m1_m2_m3.1.1.5.5.1>
    <s_s1_m1_m2_m3.1.1.6.5.1>
      <IFC>
  -4.556768453416454E-03  -2.615400886314678E-10   5.960546418933717E-27
  -2.615400897096467E-10   5.965363601029097E-04  -8.116896605336723E-21
   5.960546418933717E-27  -8.116896605336723E-21  -5.894649361819365E-04
      </IFC>
    </s_s1_m1_m2_m3.1.1.6.5.1>
    <s_s1_m1_m2_m3.1.1.1.6.1>
      <IFC>
  -1.135799752644673E-02  -1.670606636789938E-02   1.670124415207567E-20
   3.043026408010068E-02  -1.928166676999563E-02  -1.186669318539698E-20
   1.670124415207567E-20  -1.186669318539698E-20   1.271039689492821E-02
      </IFC>
    </s_s1_m1_m2_m3.1.1.1.6.1>
    <s_s1_m1_m2_m3.1.1.2.6.1>
      <IFC>
  -6.917900697768586E-04  -2.231446571746210E-03   5.340500413956359E-21
  -2.231446571746210E-03  -3.268442023535584E-03   1.133111125499967E-21
   5.340500413956359E-21   1.133111125499967E-21  -5.894649361819362E-04
      </IFC>
    </s_s1_m1_m2_m3.1.1.2.6.1>
    <s_s1_m1_m2_m3.1.1.3.6.1>
      <IFC>
   1.045901396370365E-04  -2.771053318467932E-05   1.081967075071117E-21
  -2.425065242499420E-05  -8.203065274455604E-05   3.318673683491657E-22
   1.081967075071117E-21   3.318673683491657E-22  -6.213316789033257E-05
      </IFC>
    </s_s1_m1_m2_m3.1.1.3.6.1>
    <s_s1_m1_m2_m3.1.1.4.6.1>
      <IFC>
   1.045901396370582E-04   2.771079472475486E-05  -1.081973035617529E-21
   2.425091396506885E-05  -8.203065274461907E-05   3.318673683491572E-22
  -1.081973035617529E-21   3.318673683491572E-22  -6.213316789032943E-05
      </IFC>
    </s_s1_m1_m2_m3.1.1.4.6.1>
    <s_s1_m1_m2_m3.1.1.5.6.1>
      <IFC>
  -6.917900697768794E-04   2.231446048666038E-03  -5.340488492863523E-21
   2.231446048666038E-03  -3.268442023535611E-03   1.133111125499935E-21
  -5.340488492863523E-21   1.133111125499935E-21  -5.894649361819307E-04
      </IFC>
    </s_s1_m1_m2_m3.1.1.5.6.1>
    <s_s1_m1_m2_m3.1.1.6.6.1>
      <IFC>
  -1.135799752644671E-02   1.670606662943947E-02  -1.670125011262209E-20
  -3.043026381856060E-02  -1.928166676999557E-02  -1.186669318539704E-20
  -1.670125011262209E-20  -1.186669318539704E-20   1.271039689492820E-02
      </IFC>
    </s_s1_m1_m2_m3.1.1.6.6.1>
    <s_s1_m1_m2_m3.1.2.1.1.1>
      <IFC>
  -9.295405574967032E-02   3.458949748660319E-02  -6.714658904141585E-02
   3.458949732530026E-02  -5.301354588067868E-02   3.876709779436332E-02
  -6.323863562450122E-02   3.651084025169596E-02  -9.960320289436647E-02
      </IFC>
    </s_s1_m1_m2_m3.1.2.1.1.1>
    <s_s1_m1_m2_m3.1.2.2.1.1>
      <IFC>
  -9.295405573444902E-02  -3.458949746988577E-02   6.714658904757684E-02
  -3.458949730842136E-02  -5.301354593280389E-02   3.876709779295651E-02
   6.323863563023739E-02   3.651084025051490E-02  -9.960320288277300E-02
      </IFC>
    </s_s1_m1_m2_m3.1.2.2.1.1>
    <s_s1_m1_m2_m3.1.2.3.1.1>
      <IFC>
  -1.606924355097151E-03  -8.530296583260709E-04   1.188190084627515E-03
   1.790347260010258E-03  -3.815465528988076E-04  -2.006088809838441E-04
  -2.092250930371462E-05   1.579512130572882E-04  -1.641998711359634E-03
      </IFC>
    </s_s1_m1_m2_m3.1.2.3.1.1>
    <s_s1_m1_m2_m3.1.2.4.1.1>
      <IFC>
  -1.975427192765878E-04  -4.851794641838256E-05   1.172250215777937E-05
  -1.029647591680476E-04   4.622587295943010E-06  -5.196322618426323E-06
  -7.692856332986503E-05  -1.422187211400230E-04  -2.068858383675613E-05
      </IFC>
    </s_s1_m1_m2_m3.1.2.4.1.1>
    <s_s1_m1_m2_m3.1.2.5.1.1>
      <IFC>
  -1.975427109614456E-04   4.851796480954811E-05  -1.172250020083308E-05
   1.029647774043374E-04   4.622524436963390E-06  -5.196325947236833E-06
   7.692856524981617E-05  -1.422187243184752E-04  -2.068858378080891E-05
      </IFC>
    </s_s1_m1_m2_m3.1.2.5.1.1>
    <s_s1_m1_m2_m3.1.2.6.1.1>
      <IFC>
  -1.606924360027719E-03   8.530296236827904E-04  -1.188190092745471E-03
  -1.790347294660125E-03  -3.815465523705208E-04  -2.006088765065736E-04
   2.092250164759267E-05   1.579512173800406E-04  -1.641998714622008E-03
      </IFC>
    </s_s1_m1_m2_m3.1.2.6.1.1>
    <s_s1_m1_m2_m3.1.2.1.2.1>
      <IFC>
  -2.820243906797551E-04  -1.025412047993449E-03  -4.203652857038767E-04
   1.617964646972487E-03  -1.706451408619889E-03   1.129309415702495E-03
  -1.263310130535089E-04  -9.709283325120493E-05  -1.642001591193037E-03
      </IFC>
    </s_s1_m1_m2_m3.1.2.1.2.1>
    <s_s1_m1_m2_m3.1.2.2.2.1>
      <IFC>
   9.285660702138781E-03  -2.026214188716797E-11   2.038986263781024E-12
  -2.057700961782199E-11  -4.961826937941593E-03   4.498634525052473E-03
   1.923573665321390E-12   1.290568348764447E-03  -4.979562142166497E-03
      </IFC>
    </s_s1_m1_m2_m3.1.2.2.2.1>
    <s_s1_m1_m2_m3.1.2.3.2.1>
      <IFC>
  -2.820243978642560E-04   1.025412069309763E-03   4.203652816887473E-04
  -1.617964625425988E-03  -1.706451347547795E-03   1.129309415330361E-03
   1.263310092289026E-04  -9.709283336390714E-05  -1.642001590810123E-03
      </IFC>
    </s_s1_m1_m2_m3.1.2.3.2.1>
    <s_s1_m1_m2_m3.1.2.4.2.1>
      <IFC>
   8.707076678132492E-05  -6.923969907012614E-06  -2.289088454527493E-05
  -6.923880454266047E-06   9.506499114449515E-05  -1.321682522824167E-05
   1.141063188632971E-04   6.587858761601841E-05  -2.037480558200755E-04
      </IFC>
    </s_s1_m1_m2_m3.1.2.4.2.1>
    <s_s1_m1_m2_m3.1.2.5.2.1>
      <IFC>
  -2.668043304578398E-05  -1.832300352990194E-11  -1.985400703794863E-12
  -1.832777424232465E-11   5.940278413485088E-06  -9.575228581281138E-05
  -1.922102354786564E-12  -4.281670863103974E-05   1.847238924346333E-05
      </IFC>
    </s_s1_m1_m2_m3.1.2.5.2.1>
    <s_s1_m1_m2_m3.1.2.6.2.1>
      <IFC>
   8.707076013222949E-05   6.923987172091099E-06   2.289088850682131E-05
   6.923897808794630E-06   9.506505181261504E-05  -1.321682525353403E-05
  -1.141063150401632E-04   6.587858757408090E-05  -2.037480558263051E-04
      </IFC>
    </s_s1_m1_m2_m3.1.2.6.2.1>
    <s_s1_m1_m2_m3.1.2.1.3.1>
      <IFC>
  -1.115126171771146E-04   1.526333362282117E-04  -1.359788073095319E-06
   9.818671058142011E-05  -8.140749178092542E-05   1.275017095070694E-05
   1.616305388001571E-04   4.487276614407831E-06  -2.068859199956848E-05
      </IFC>
    </s_s1_m1_m2_m3.1.2.1.3.1>
    <s_s1_m1_m2_m3.1.2.2.3.1>
      <IFC>
  -1.757546602562112E-04   2.545778936560081E-04  -2.794382652444082E-04
  -1.216366274407545E-05   1.908491500162783E-04   2.761745119991275E-04
  -5.938353059540345E-05  -2.855360030902430E-04   2.063303503195096E-04
      </IFC>
    </s_s1_m1_m2_m3.1.2.2.3.1>
    <s_s1_m1_m2_m3.1.2.3.3.1>
      <IFC>
  -1.757546541981509E-04  -2.545778743381047E-04   2.794382652723375E-04
   1.216368208946140E-05   1.908490893648810E-04   2.761745119049873E-04
   5.938353059213784E-05  -2.855360031256310E-04   2.063303503505560E-04
      </IFC>
    </s_s1_m1_m2_m3.1.2.3.3.1>
    <s_s1_m1_m2_m3.1.2.4.3.1>
      <IFC>
  -1.115126168692854E-04  -1.526333748986247E-04   1.359788029284278E-06
  -9.818674928409186E-05  -8.140749184439502E-05   1.275017100609784E-05
  -1.616305388118216E-04   4.487276694159372E-06  -2.068859206374967E-05
      </IFC>
    </s_s1_m1_m2_m3.1.2.4.3.1>
    <s_s1_m1_m2_m3.1.2.5.3.1>
      <IFC>
  -2.215622712455723E-06  -1.412542532983413E-05  -8.292320643138572E-05
  -1.412543009680265E-05  -1.852475655043160E-05   4.787727940414383E-05
  -3.707966756293310E-05   2.140945483594522E-05   1.847245247192810E-05
      </IFC>
    </s_s1_m1_m2_m3.1.2.5.3.1>
    <s_s1_m1_m2_m3.1.2.6.3.1>
      <IFC>
  -2.215616070090921E-06   1.412544468235831E-05   8.292320644726885E-05
   1.412544945410001E-05  -1.852481729087704E-05   4.787727946219219E-05
   3.707966757786356E-05   2.140945490436314E-05   1.847245240870559E-05
      </IFC>
    </s_s1_m1_m2_m3.1.2.6.3.1>
    <s_s1_m1_m2_m3.1.2.1.4.1>
      <IFC>
   1.967585801109568E-05   2.244660469352523E-05   1.036082188334780E-05
   7.689338522106332E-05  -2.125957458693607E-04  -7.554932700773762E-06
   8.470019636377174E-05   1.377303432840673E-04  -2.068864794459631E-05
      </IFC>
    </s_s1_m1_m2_m3.1.2.1.4.1>
    <s_s1_m1_m2_m3.1.2.2.4.1>
      <IFC>
   9.167559981448297E-06   1.135287504541187E-05  -3.789584905214416E-05
   1.135268132656920E-05  -3.939621471122121E-06  -2.187769816935528E-05
  -5.382632605421514E-06  -3.106238241845638E-06  -1.063440481674350E-04
      </IFC>
    </s_s1_m1_m2_m3.1.2.2.4.1>
    <s_s1_m1_m2_m3.1.2.3.4.1>
      <IFC>
   5.710207315123593E-05  -1.942302949455792E-11  -9.952397702258272E-15
  -1.932699062518534E-11  -1.115924881226379E-05  -2.276914386404744E-05
   5.965352633160077E-15  -4.872718766305451E-05  -6.269754283354245E-07
      </IFC>
    </s_s1_m1_m2_m3.1.2.3.4.1>
    <s_s1_m1_m2_m3.1.2.4.4.1>
      <IFC>
   9.167553622256575E-06  -1.135285555137238E-05   3.789584907746649E-05
  -1.135266202624051E-05  -3.939560816214327E-06  -2.187769816943547E-05
   5.382632591745725E-06  -3.106238221048231E-06  -1.063440481662948E-04
      </IFC>
    </s_s1_m1_m2_m3.1.2.4.4.1>
    <s_s1_m1_m2_m3.1.2.5.4.1>
      <IFC>
   1.967586437343236E-05  -2.244658548972234E-05  -1.036082191451690E-05
  -7.689336583012856E-05  -2.125958065311677E-04  -7.554932696853124E-06
  -8.470019636099718E-05   1.377303432667661E-04  -2.068864795282282E-05
      </IFC>
    </s_s1_m1_m2_m3.1.2.5.4.1>
    <s_s1_m1_m2_m3.1.2.6.4.1>
      <IFC>
   9.906463531831317E-05  -1.927481708192186E-11   1.579831944277367E-14
  -1.936427214564872E-11   8.307148032204541E-05   2.642906015092810E-05
   4.935866530312675E-15  -1.317615932477826E-04  -2.037480496107435E-04
      </IFC>
    </s_s1_m1_m2_m3.1.2.6.4.1>
    <s_s1_m1_m2_m3.1.2.1.5.1>
      <IFC>
  -1.093763846598214E-03   2.086620756213684E-03   7.678284666707627E-04
  -5.567559321686021E-04  -8.947075504438288E-04  -9.286935781137811E-04
  -1.472498270245813E-04  -6.085173909917447E-05  -1.641998328820968E-03
      </IFC>
    </s_s1_m1_m2_m3.1.2.1.5.1>
    <s_s1_m1_m2_m3.1.2.2.5.1>
      <IFC>
   2.041657104230570E-04  -2.315132817584336E-04   9.945740938593840E-05
   3.522862176133468E-05  -1.890760248934206E-04  -3.800900150547376E-04
  -2.769707214850103E-04   9.133821325902009E-05   2.063277750300215E-04
      </IFC>
    </s_s1_m1_m2_m3.1.2.2.5.1>
    <s_s1_m1_m2_m3.1.2.3.5.1>
      <IFC>
   5.908363580977703E-06   2.955879547353155E-05  -1.971992279970406E-05
   2.955889141395024E-05   4.003905960349267E-05   1.138456783343808E-05
  -4.220021846094308E-05   2.436358216614204E-05  -6.243445027399633E-07
      </IFC>
    </s_s1_m1_m2_m3.1.2.3.5.1>
    <s_s1_m1_m2_m3.1.2.4.5.1>
      <IFC>
   5.908369035259814E-06  -2.955877605040064E-05   1.971992281869135E-05
  -2.955887208685983E-05   4.003899522763885E-05   1.138456561222841E-05
   4.220021847706534E-05   2.436358000891140E-05  -6.243471336586276E-07
      </IFC>
    </s_s1_m1_m2_m3.1.2.4.5.1>
    <s_s1_m1_m2_m3.1.2.5.5.1>
      <IFC>
   2.041657113113491E-04   2.315132428130269E-04  -9.945740948116872E-05
  -3.522866038710773E-05  -1.890760212480870E-04  -3.800900129093019E-04
   2.769707214977128E-04   9.133821542176644E-05   2.063277776363603E-04
      </IFC>
    </s_s1_m1_m2_m3.1.2.5.5.1>
    <s_s1_m1_m2_m3.1.2.6.5.1>
      <IFC>
  -1.093763854026395E-03  -2.086620736692016E-03  -7.678284665945186E-04
   5.567559514666731E-04  -8.947074935303042E-04  -9.286935803539847E-04
   1.472498269957570E-04  -6.085174128290233E-05  -1.641998331700418E-03
      </IFC>
    </s_s1_m1_m2_m3.1.2.6.5.1>
    <s_s1_m1_m2_m3.1.2.1.6.1>
      <IFC>
  -3.304327905058672E-02  -1.950732158753940E-11   2.355754239442688E-12
  -1.966878897406864E-11  -1.129243051609707E-01  -7.753420541670770E-02
   2.020594026780651E-12  -7.302168945447295E-02  -9.960319130089648E-02
      </IFC>
    </s_s1_m1_m2_m3.1.2.1.6.1>
    <s_s1_m1_m2_m3.1.2.2.6.1>
      <IFC>
  -1.399948755113781E-03   6.169346868899118E-03   3.895924337153257E-03
   6.169346554348746E-03   5.723795887903563E-03  -2.249316063258471E-03
   1.117657927651260E-03  -6.452830427701198E-04  -4.979553237760413E-03
      </IFC>
    </s_s1_m1_m2_m3.1.2.2.6.1>
    <s_s1_m1_m2_m3.1.2.3.6.1>
      <IFC>
  -5.772473244997589E-06  -8.597831654220011E-05   3.788957345568480E-04
  -3.527201926068050E-04   2.086237478357451E-05   1.039134128036357E-04
  -2.175871636968635E-04   1.941956370912158E-04   2.063277440187008E-04
      </IFC>
    </s_s1_m1_m2_m3.1.2.3.6.1>
    <s_s1_m1_m2_m3.1.2.4.6.1>
      <IFC>
  -1.049458368731094E-05  -1.824145872692205E-11  -1.930471995005683E-12
  -1.804774104505249E-11   1.572260350651261E-05   4.375759510394209E-05
  -1.859140000031518E-12   6.214637914820502E-06  -1.063440492911723E-04
      </IFC>
    </s_s1_m1_m2_m3.1.2.4.6.1>
    <s_s1_m1_m2_m3.1.2.5.6.1>
      <IFC>
  -5.772478680629922E-06   8.597833350623474E-05  -3.788957308709508E-04
   3.527202092237192E-04   2.086243934618185E-05   1.039134149426887E-04
   2.175871674142383E-04   1.941956392454553E-04   2.063277465940029E-04
      </IFC>
    </s_s1_m1_m2_m3.1.2.5.6.1>
    <s_s1_m1_m2_m3.1.2.6.6.1>
      <IFC>
  -1.399948751842039E-03  -6.169346847956055E-03  -3.895924341264434E-03
  -6.169346533090817E-03   5.723795816940494E-03  -2.249316070230156E-03
  -1.117657931530090E-03  -6.452830493903735E-04  -4.979553246664817E-03
      </IFC>
    </s_s1_m1_m2_m3.1.2.6.6.1>
    <s_s1_m1_m2_m3.1.3.1.1.1>
      <IFC>
  -9.295405574967032E-02   3.458949748660319E-02   6.714658904141585E-02
   3.458949732530026E-02  -5.301354588067867E-02  -3.876709779436332E-02
   6.323863562450122E-02  -3.651084025169596E-02  -9.960320289436647E-02
      </IFC>
    </s_s1_m1_m2_m3.1.3.1.1.1>
    <s_s1_m1_m2_m3.1.3.2.1.1>
      <IFC>
  -9.295405573444902E-02  -3.458949746988577E-02  -6.714658904757684E-02
  -3.458949730842138E-02  -5.301354593280389E-02  -3.876709779295651E-02
  -6.323863563023739E-02  -3.651084025051490E-02  -9.960320288277300E-02
      </IFC>
    </s_s1_m1_m2_m3.1.3.2.1.1>
    <s_s1_m1_m2_m3.1.3.3.1.1>
      <IFC>
  -1.606924355097151E-03  -8.530296583260712E-04  -1.188190084627515E-03
   1.790347260010258E-03  -3.815465528988092E-04   2.006088809838441E-04
   2.092250930371445E-05  -1.579512130572882E-04  -1.641998711359634E-03
      </IFC>
    </s_s1_m1_m2_m3.1.3.3.1.1>
    <s_s1_m1_m2_m3.1.3.4.1.1>
      <IFC>
  -1.975427192765878E-04  -4.851794641838178E-05  -1.172250215777937E-05
  -1.029647591680472E-04   4.622587295938384E-06   5.196322618426323E-06
   7.692856332986581E-05   1.422187211400234E-04  -2.068858383675613E-05
      </IFC>
    </s_s1_m1_m2_m3.1.3.4.1.1>
    <s_s1_m1_m2_m3.1.3.5.1.1>
      <IFC>
  -1.975427109614456E-04   4.851796480954773E-05   1.172250020083308E-05
   1.029647774043372E-04   4.622524436965510E-06   5.196325947236833E-06
  -7.692856524981601E-05   1.422187243184752E-04  -2.068858378080891E-05
      </IFC>
    </s_s1_m1_m2_m3.1.3.5.1.1>
    <s_s1_m1_m2_m3.1.3.6.1.1>
      <IFC>
  -1.606924360027719E-03   8.530296236827899E-04   1.188190092745471E-03
  -1.790347294660125E-03  -3.815465523705177E-04   2.006088765065736E-04
  -2.092250164759267E-05  -1.579512173800406E-04  -1.641998714622008E-03
      </IFC>
    </s_s1_m1_m2_m3.1.3.6.1.1>
    <s_s1_m1_m2_m3.1.3.1.2.1>
      <IFC>
  -2.820243906797551E-04  -1.025412047993449E-03   4.203652857038767E-04
   1.617964646972488E-03  -1.706451408619876E-03  -1.129309415702495E-03
   1.263310130535091E-04   9.709283325120493E-05  -1.642001591193037E-03
      </IFC>
    </s_s1_m1_m2_m3.1.3.1.2.1>
    <s_s1_m1_m2_m3.1.3.2.2.1>
      <IFC>
   9.285660702138781E-03  -2.026214265815618E-11  -2.038986263781024E-12
  -2.057700923232788E-11  -4.961826937941586E-03  -4.498634525052473E-03
  -1.923574436309602E-12  -1.290568348764446E-03  -4.979562142166497E-03
      </IFC>
    </s_s1_m1_m2_m3.1.3.2.2.1>
    <s_s1_m1_m2_m3.1.3.3.2.1>
      <IFC>
  -2.820243978642560E-04   1.025412069309764E-03  -4.203652816887473E-04
  -1.617964625425989E-03  -1.706451347547787E-03  -1.129309415330361E-03
  -1.263310092289014E-04   9.709283336390772E-05  -1.642001590810123E-03
      </IFC>
    </s_s1_m1_m2_m3.1.3.3.2.1>
    <s_s1_m1_m2_m3.1.3.4.2.1>
      <IFC>
   8.707076678132492E-05  -6.923969907013000E-06   2.289088454527493E-05
  -6.923880454266407E-06   9.506499114449617E-05   1.321682522824167E-05
  -1.141063188632972E-04  -6.587858761601895E-05  -2.037480558200755E-04
      </IFC>
    </s_s1_m1_m2_m3.1.3.4.2.1>
    <s_s1_m1_m2_m3.1.3.5.2.1>
      <IFC>
  -2.668043304578398E-05  -1.832300392141939E-11   1.985400703794863E-12
  -1.832777484465919E-11   5.940278413477927E-06   9.575228581281138E-05
   1.922101005557194E-12   4.281670863103916E-05   1.847238924346333E-05
      </IFC>
    </s_s1_m1_m2_m3.1.3.5.2.1>
    <s_s1_m1_m2_m3.1.3.6.2.1>
      <IFC>
   8.707076013222949E-05   6.923987172091485E-06  -2.289088850682131E-05
   6.923897808795786E-06   9.506505181261619E-05   1.321682525353403E-05
   1.141063150401636E-04  -6.587858757408050E-05  -2.037480558263051E-04
      </IFC>
    </s_s1_m1_m2_m3.1.3.6.2.1>
    <s_s1_m1_m2_m3.1.3.1.3.1>
      <IFC>
  -1.115126171771146E-04   1.526333362282117E-04   1.359788073095319E-06
   9.818671058142338E-05  -8.140749178093076E-05  -1.275017095070694E-05
  -1.616305388001573E-04  -4.487276614407831E-06  -2.068859199956848E-05
      </IFC>
    </s_s1_m1_m2_m3.1.3.1.3.1>
    <s_s1_m1_m2_m3.1.3.2.3.1>
      <IFC>
  -1.757546602562112E-04   2.545778936560089E-04   2.794382652444082E-04
  -1.216366274407749E-05   1.908491500162781E-04  -2.761745119991275E-04
   5.938353059540420E-05   2.855360030902447E-04   2.063303503195096E-04
      </IFC>
    </s_s1_m1_m2_m3.1.3.2.3.1>
    <s_s1_m1_m2_m3.1.3.3.3.1>
      <IFC>
  -1.757546541981509E-04  -2.545778743381051E-04  -2.794382652723375E-04
   1.216368208946193E-05   1.908490893648806E-04  -2.761745119049873E-04
  -5.938353059213883E-05   2.855360031256305E-04   2.063303503505560E-04
      </IFC>
    </s_s1_m1_m2_m3.1.3.3.3.1>
    <s_s1_m1_m2_m3.1.3.4.3.1>
      <IFC>
  -1.115126168692854E-04  -1.526333748986250E-04  -1.359788029284278E-06
  -9.818674928409247E-05  -8.140749184439568E-05  -1.275017100609784E-05
   1.616305388118209E-04  -4.487276694159231E-06  -2.068859206374967E-05
      </IFC>
    </s_s1_m1_m2_m3.1.3.4.3.1>
    <s_s1_m1_m2_m3.1.3.5.3.1>
      <IFC>
  -2.215622712455723E-06  -1.412542532983335E-05   8.292320643138572E-05
  -1.412543009680075E-05  -1.852475655044373E-05  -4.787727940414383E-05
   3.707966756293423E-05  -2.140945483594465E-05   1.847245247192810E-05
      </IFC>
    </s_s1_m1_m2_m3.1.3.5.3.1>
    <s_s1_m1_m2_m3.1.3.6.3.1>
      <IFC>
  -2.215616070090921E-06   1.412544468235774E-05  -8.292320644726885E-05
   1.412544945409702E-05  -1.852481729088610E-05  -4.787727946219219E-05
  -3.707966757786398E-05  -2.140945490436360E-05   1.847245240870559E-05
      </IFC>
    </s_s1_m1_m2_m3.1.3.6.3.1>
    <s_s1_m1_m2_m3.1.3.1.4.1>
      <IFC>
   1.967585801109568E-05   2.244660469352523E-05  -1.036082188334780E-05
   7.689338522105948E-05  -2.125957458693546E-04   7.554932700773762E-06
  -8.470019636377174E-05  -1.377303432840673E-04  -2.068864794459631E-05
      </IFC>
    </s_s1_m1_m2_m3.1.3.1.4.1>
    <s_s1_m1_m2_m3.1.3.2.4.1>
      <IFC>
   9.167559981448297E-06   1.135287504541187E-05   3.789584905214416E-05
   1.135268132656998E-05  -3.939621471126747E-06   2.187769816935528E-05
   5.382632605421514E-06   3.106238241844096E-06  -1.063440481674350E-04
      </IFC>
    </s_s1_m1_m2_m3.1.3.2.4.1>
    <s_s1_m1_m2_m3.1.3.3.4.1>
      <IFC>
   5.710207315123593E-05  -1.942302988005203E-11   9.952397702258272E-15
  -1.932698889046187E-11  -1.115924881227284E-05   2.276914386404744E-05
  -5.965515263485950E-15   4.872718766305451E-05  -6.269754283354245E-07
      </IFC>
    </s_s1_m1_m2_m3.1.3.3.4.1>
    <s_s1_m1_m2_m3.1.3.4.4.1>
      <IFC>
   9.167553622256575E-06  -1.135285555137161E-05  -3.789584907746649E-05
  -1.135266202624398E-05  -3.939560816209701E-06   2.187769816943547E-05
  -5.382632591744954E-06   3.106238221048616E-06  -1.063440481662948E-04
      </IFC>
    </s_s1_m1_m2_m3.1.3.4.4.1>
    <s_s1_m1_m2_m3.1.3.5.4.1>
      <IFC>
   1.967586437343236E-05  -2.244658548972273E-05   1.036082191451690E-05
  -7.689336583012636E-05  -2.125958065311719E-04   7.554932696853124E-06
   8.470019636099734E-05  -1.377303432667661E-04  -2.068864795282282E-05
      </IFC>
    </s_s1_m1_m2_m3.1.3.5.4.1>
    <s_s1_m1_m2_m3.1.3.6.4.1>
      <IFC>
   9.906463531831317E-05  -1.927481746741597E-11  -1.579831944277367E-14
  -1.936427137466051E-11   8.307148032204232E-05  -2.642906015092810E-05
  -4.935866530312675E-15   1.317615932477826E-04  -2.037480496107435E-04
      </IFC>
    </s_s1_m1_m2_m3.1.3.6.4.1>
    <s_s1_m1_m2_m3.1.3.1.5.1>
      <IFC>
  -1.093763846598214E-03   2.086620756213684E-03  -7.678284666707627E-04
  -5.567559321685992E-04  -8.947075504438235E-04   9.286935781137811E-04
   1.472498270245815E-04   6.085173909917447E-05  -1.641998328820968E-03
      </IFC>
    </s_s1_m1_m2_m3.1.3.1.5.1>
    <s_s1_m1_m2_m3.1.3.2.5.1>
      <IFC>
   2.041657104230570E-04  -2.315132817584345E-04  -9.945740938593840E-05
   3.522862176133364E-05  -1.890760248934204E-04   3.800900150547376E-04
   2.769707214850096E-04  -9.133821325901872E-05   2.063277750300215E-04
      </IFC>
    </s_s1_m1_m2_m3.1.3.2.5.1>
    <s_s1_m1_m2_m3.1.3.3.5.1>
      <IFC>
   5.908363580977703E-06   2.955879547353232E-05   1.971992279970406E-05
   2.955889141395202E-05   4.003905960348490E-05  -1.138456783343808E-05
   4.220021846094424E-05  -2.436358216614149E-05  -6.243445027399633E-07
      </IFC>
    </s_s1_m1_m2_m3.1.3.3.5.1>
    <s_s1_m1_m2_m3.1.3.4.5.1>
      <IFC>
   5.908369035259814E-06  -2.955877605040102E-05  -1.971992281869135E-05
  -2.955887208686077E-05   4.003899522763952E-05  -1.138456561222841E-05
  -4.220021847706539E-05  -2.436358000891193E-05  -6.243471336586276E-07
      </IFC>
    </s_s1_m1_m2_m3.1.3.4.5.1>
    <s_s1_m1_m2_m3.1.3.5.5.1>
      <IFC>
   2.041657113113491E-04   2.315132428130265E-04   9.945740948116872E-05
  -3.522866038710685E-05  -1.890760212480836E-04   3.800900129093019E-04
  -2.769707214977141E-04  -9.133821542176701E-05   2.063277776363603E-04
      </IFC>
    </s_s1_m1_m2_m3.1.3.5.5.1>
    <s_s1_m1_m2_m3.1.3.6.5.1>
      <IFC>
  -1.093763854026395E-03  -2.086620736692016E-03   7.678284665945186E-04
   5.567559514666701E-04  -8.947074935303028E-04   9.286935803539847E-04
  -1.472498269957566E-04   6.085174128290279E-05  -1.641998331700418E-03
      </IFC>
    </s_s1_m1_m2_m3.1.3.6.5.1>
    <s_s1_m1_m2_m3.1.3.1.6.1>
      <IFC>
  -3.304327905058672E-02  -1.950732158753940E-11  -2.355754239442688E-12
  -1.966878589011579E-11  -1.129243051609707E-01   7.753420541670770E-02
  -2.020594183387631E-12   7.302168945447295E-02  -9.960319130089648E-02
      </IFC>
    </s_s1_m1_m2_m3.1.3.1.6.1>
    <s_s1_m1_m2_m3.1.3.2.6.1>
      <IFC>
  -1.399948755113781E-03   6.169346868899118E-03  -3.895924337153257E-03
   6.169346554348744E-03   5.723795887903562E-03   2.249316063258471E-03
  -1.117657927651260E-03   6.452830427701207E-04  -4.979553237760413E-03
      </IFC>
    </s_s1_m1_m2_m3.1.3.2.6.1>
    <s_s1_m1_m2_m3.1.3.3.6.1>
      <IFC>
  -5.772473244997589E-06  -8.597831654220050E-05  -3.788957345568480E-04
  -3.527201926068040E-04   2.086237478356612E-05  -1.039134128036357E-04
   2.175871636968625E-04  -1.941956370912164E-04   2.063277440187008E-04
      </IFC>
    </s_s1_m1_m2_m3.1.3.3.6.1>
    <s_s1_m1_m2_m3.1.3.4.6.1>
      <IFC>
  -1.049458368731094E-05  -1.824145911241615E-11   1.930471995005683E-12
  -1.804774068515760E-11   1.572260350650696E-05  -4.375759510394209E-05
   1.859139277230070E-12  -6.214637914820363E-06  -1.063440492911723E-04
      </IFC>
    </s_s1_m1_m2_m3.1.3.4.6.1>
    <s_s1_m1_m2_m3.1.3.5.6.1>
      <IFC>
  -5.772478680629922E-06   8.597833350623552E-05   3.788957308709508E-04
   3.527202092237159E-04   2.086243934618224E-05  -1.039134149426887E-04
  -2.175871674142372E-04  -1.941956392454547E-04   2.063277465940029E-04
      </IFC>
    </s_s1_m1_m2_m3.1.3.5.6.1>
    <s_s1_m1_m2_m3.1.3.6.6.1>
      <IFC>
  -1.399948751842039E-03  -6.169346847956056E-03   3.895924341264434E-03
  -6.169346533090817E-03   5.723795816940491E-03   2.249316070230156E-03
   1.117657931530090E-03   6.452830493903732E-04  -4.979553246664817E-03
      </IFC>
    </s_s1_m1_m2_m3.1.3.6.6.1>
    <s_s1_m1_m2_m3.2.1.1.1.1>
      <IFC>
  -9.295405574967032E-02   3.458949732530026E-02  -6.323863562450122E-02
   3.458949748660319E-02  -5.301354588067868E-02   3.651084025169596E-02
  -6.714658904141585E-02   3.876709779436332E-02  -9.960320289436647E-02
      </IFC>
    </s_s1_m1_m2_m3.2.1.1.1.1>
    <s_s1_m1_m2_m3.2.1.2.1.1>
      <IFC>
  -1.606924360027719E-03  -1.790347294660125E-03   2.092250164759267E-05
   8.530296236827904E-04  -3.815465523705208E-04   1.579512173800406E-04
  -1.188190092745471E-03  -2.006088765065736E-04  -1.641998714622008E-03
      </IFC>
    </s_s1_m1_m2_m3.2.1.2.1.1>
    <s_s1_m1_m2_m3.2.1.3.1.1>
      <IFC>
  -1.975427109614456E-04   1.029647774043374E-04   7.692856524981617E-05
   4.851796480954811E-05   4.622524436963390E-06  -1.422187243184752E-04
  -1.172250020083308E-05  -5.196325947236833E-06  -2.068858378080891E-05
      </IFC>
    </s_s1_m1_m2_m3.2.1.3.1.1>
    <s_s1_m1_m2_m3.2.1.4.1.1>
      <IFC>
  -1.975427192765878E-04  -1.029647591680476E-04  -7.692856332986503E-05
  -4.851794641838256E-05   4.622587295943010E-06  -1.422187211400230E-04
   1.172250215777937E-05  -5.196322618426323E-06  -2.068858383675613E-05
      </IFC>
    </s_s1_m1_m2_m3.2.1.4.1.1>
    <s_s1_m1_m2_m3.2.1.5.1.1>
      <IFC>
  -1.606924355097151E-03   1.790347260010258E-03  -2.092250930371462E-05
  -8.530296583260709E-04  -3.815465528988076E-04   1.579512130572882E-04
   1.188190084627515E-03  -2.006088809838441E-04  -1.641998711359634E-03
      </IFC>
    </s_s1_m1_m2_m3.2.1.5.1.1>
    <s_s1_m1_m2_m3.2.1.6.1.1>
      <IFC>
  -9.295405573444902E-02  -3.458949730842136E-02   6.323863563023739E-02
  -3.458949746988577E-02  -5.301354593280389E-02   3.651084025051490E-02
   6.714658904757684E-02   3.876709779295651E-02  -9.960320288277300E-02
      </IFC>
    </s_s1_m1_m2_m3.2.1.6.1.1>
    <s_s1_m1_m2_m3.2.1.1.2.1>
      <IFC>
  -3.304327905058672E-02  -1.966878897406864E-11   2.020594026780651E-12
  -1.950732158753940E-11  -1.129243051609707E-01  -7.302168945447295E-02
   2.355754239442688E-12  -7.753420541670770E-02  -9.960319130089648E-02
      </IFC>
    </s_s1_m1_m2_m3.2.1.1.2.1>
    <s_s1_m1_m2_m3.2.1.2.2.1>
      <IFC>
  -1.399948751842039E-03  -6.169346533090817E-03  -1.117657931530090E-03
  -6.169346847956055E-03   5.723795816940494E-03  -6.452830493903735E-04
  -3.895924341264434E-03  -2.249316070230156E-03  -4.979553246664817E-03
      </IFC>
    </s_s1_m1_m2_m3.2.1.2.2.1>
    <s_s1_m1_m2_m3.2.1.3.2.1>
      <IFC>
  -5.772478680629922E-06   3.527202092237192E-04   2.175871674142383E-04
   8.597833350623474E-05   2.086243934618185E-05   1.941956392454553E-04
  -3.788957308709508E-04   1.039134149426887E-04   2.063277465940029E-04
      </IFC>
    </s_s1_m1_m2_m3.2.1.3.2.1>
    <s_s1_m1_m2_m3.2.1.4.2.1>
      <IFC>
  -1.049458368731094E-05  -1.804774104505249E-11  -1.859140000031518E-12
  -1.824145872692205E-11   1.572260350651261E-05   6.214637914820502E-06
  -1.930471995005683E-12   4.375759510394209E-05  -1.063440492911723E-04
      </IFC>
    </s_s1_m1_m2_m3.2.1.4.2.1>
    <s_s1_m1_m2_m3.2.1.5.2.1>
      <IFC>
  -5.772473244997589E-06  -3.527201926068050E-04  -2.175871636968635E-04
  -8.597831654220011E-05   2.086237478357451E-05   1.941956370912158E-04
   3.788957345568480E-04   1.039134128036357E-04   2.063277440187008E-04
      </IFC>
    </s_s1_m1_m2_m3.2.1.5.2.1>
    <s_s1_m1_m2_m3.2.1.6.2.1>
      <IFC>
  -1.399948755113781E-03   6.169346554348746E-03   1.117657927651260E-03
   6.169346868899118E-03   5.723795887903563E-03  -6.452830427701198E-04
   3.895924337153257E-03  -2.249316063258471E-03  -4.979553237760413E-03
      </IFC>
    </s_s1_m1_m2_m3.2.1.6.2.1>
    <s_s1_m1_m2_m3.2.1.1.3.1>
      <IFC>
  -1.093763846598214E-03  -5.567559321686021E-04  -1.472498270245813E-04
   2.086620756213684E-03  -8.947075504438288E-04  -6.085173909917447E-05
   7.678284666707627E-04  -9.286935781137811E-04  -1.641998328820968E-03
      </IFC>
    </s_s1_m1_m2_m3.2.1.1.3.1>
    <s_s1_m1_m2_m3.2.1.2.3.1>
      <IFC>
  -1.093763854026395E-03   5.567559514666731E-04   1.472498269957570E-04
  -2.086620736692016E-03  -8.947074935303042E-04  -6.085174128290233E-05
  -7.678284665945186E-04  -9.286935803539847E-04  -1.641998331700418E-03
      </IFC>
    </s_s1_m1_m2_m3.2.1.2.3.1>
    <s_s1_m1_m2_m3.2.1.3.3.1>
      <IFC>
